Metric: | MAE	| NMAE	| RMSE	| MRE	| NPRE	
==========================================
UMEAN
Avg:	1.2712	0.9365	2.4254	1.7060	9.9775
Std:	0.0024	0.0023	0.0076	0.0090	0.0372
==========================================
IMEAN
Avg:	1.1338	0.8353	2.2090	1.2416	7.1058
Std:	0.0019	0.0022	0.0102	0.0106	0.0527
==========================================
UPCC
Avg:	0.7462	0.5497	1.6779	0.5054	3.4945
Std:	0.0031	0.0023	0.0089	0.0069	0.0697
==========================================
IPCC
Avg:	0.8607	0.6341	1.7922	0.6741	5.0564
Std:	0.0036	0.0040	0.0081	0.0056	0.0802
==========================================
UIPCC
Avg:	0.7465	0.5499	1.6698	0.5146	3.7447
Std:	0.0027	0.0021	0.0090	0.0054	0.0658
==========================================


Detailed results for 20 rounds:
==========================================
UMEAN
==========================================
1.2733	0.9393	2.4278	1.7118	9.9886
1.2734	0.9375	2.4307	1.7001	9.9642
1.2718	0.9318	2.4299	1.6873	9.9374
1.2705	0.9342	2.4244	1.7024	9.9365
1.2676	0.9395	2.4093	1.7262	10.0431
1.2732	0.9335	2.4315	1.7030	9.9436
1.2712	0.9378	2.4247	1.7102	9.9769
1.2675	0.9405	2.4148	1.7069	9.9935
1.2636	0.9387	2.4050	1.7108	10.0235
1.2725	0.9350	2.4309	1.6989	10.0175
1.2725	0.9371	2.4291	1.7022	9.9393
1.2715	0.9330	2.4266	1.7055	9.9540
1.2743	0.9344	2.4365	1.6981	9.9279
1.2718	0.9370	2.4266	1.7113	10.0280
1.2725	0.9380	2.4243	1.7198	9.9488
1.2728	0.9366	2.4357	1.7082	9.9240
1.2711	0.9362	2.4262	1.7102	9.9822
1.2719	0.9365	2.4249	1.7102	10.0263
1.2705	0.9384	2.4228	1.7098	10.0163
1.2706	0.9346	2.4256	1.6876	9.9790


IMEAN
==========================================
1.1334	0.8360	2.2042	1.2518	7.1600
1.1347	0.8354	2.2095	1.2384	7.0697
1.1343	0.8311	2.2142	1.2325	7.0217
1.1339	0.8337	2.2092	1.2305	7.1315
1.1340	0.8405	2.2035	1.2446	7.1445
1.1366	0.8334	2.2220	1.2294	7.0097
1.1345	0.8369	2.2121	1.2505	7.1961
1.1296	0.8382	2.1908	1.2514	7.1625
1.1291	0.8388	2.1845	1.2600	7.1517
1.1350	0.8340	2.2180	1.2321	7.0630
1.1332	0.8345	2.2074	1.2492	7.1067
1.1333	0.8315	2.2108	1.2320	7.0456
1.1376	0.8342	2.2286	1.2227	7.0889
1.1330	0.8347	2.2118	1.2425	7.1201
1.1340	0.8359	2.2121	1.2405	7.0899
1.1352	0.8353	2.2224	1.2554	7.0319
1.1336	0.8349	2.2034	1.2545	7.1399
1.1354	0.8360	2.2146	1.2309	7.1073
1.1327	0.8366	2.1979	1.2510	7.1851
1.1331	0.8334	2.2036	1.2322	7.0904


UPCC
==========================================
0.7503	0.5535	1.6750	0.5207	3.5819
0.7466	0.5497	1.6832	0.4993	3.4838
0.7499	0.5494	1.6797	0.5070	3.4789
0.7455	0.5481	1.6748	0.5002	3.4707
0.7465	0.5533	1.6810	0.4996	3.4586
0.7497	0.5497	1.6845	0.5125	3.5278
0.7493	0.5527	1.6857	0.5058	3.5476
0.7455	0.5532	1.6656	0.5131	3.6034
0.7393	0.5492	1.6569	0.5056	3.4695
0.7459	0.5481	1.6848	0.4998	3.4647
0.7503	0.5525	1.6781	0.5105	3.6050
0.7448	0.5465	1.6781	0.4997	3.4563
0.7466	0.5474	1.6931	0.5006	3.4652
0.7432	0.5476	1.6817	0.5088	3.4564
0.7420	0.5470	1.6677	0.5034	3.4385
0.7494	0.5514	1.6870	0.5123	3.5734
0.7455	0.5491	1.6767	0.5061	3.4718
0.7432	0.5473	1.6873	0.4894	3.2985
0.7414	0.5476	1.6621	0.5007	3.4717
0.7491	0.5510	1.6749	0.5129	3.5661


IPCC
==========================================
0.8584	0.6332	1.7912	0.6754	5.1031
0.8688	0.6397	1.8005	0.6769	5.1141
0.8564	0.6275	1.7865	0.6614	4.9897
0.8560	0.6294	1.7857	0.6656	5.0087
0.8626	0.6393	1.7902	0.6762	5.1457
0.8561	0.6277	1.7990	0.6713	4.9120
0.8609	0.6351	1.7950	0.6766	5.0703
0.8626	0.6401	1.7850	0.6820	5.1515
0.8630	0.6411	1.7752	0.6848	5.1961
0.8632	0.6343	1.7994	0.6790	5.0317
0.8621	0.6349	1.7931	0.6784	5.0693
0.8577	0.6293	1.7899	0.6711	4.9792
0.8622	0.6322	1.8093	0.6731	4.9454
0.8551	0.6300	1.7893	0.6687	5.0772
0.8650	0.6376	1.7926	0.6793	5.0966
0.8630	0.6350	1.8070	0.6687	5.0312
0.8639	0.6362	1.7903	0.6785	5.1530
0.8568	0.6309	1.7978	0.6692	4.8944
0.8569	0.6329	1.7816	0.6708	5.0642
0.8633	0.6349	1.7859	0.6746	5.0949


UIPCC
==========================================
0.7493	0.5527	1.6674	0.5254	3.8056
0.7474	0.5503	1.6754	0.5106	3.7345
0.7489	0.5487	1.6708	0.5137	3.7314
0.7458	0.5484	1.6666	0.5097	3.7315
0.7477	0.5542	1.6715	0.5157	3.7491
0.7488	0.5490	1.6780	0.5163	3.7238
0.7490	0.5526	1.6767	0.5139	3.7810
0.7453	0.5530	1.6575	0.5217	3.8676
0.7401	0.5498	1.6479	0.5156	3.7439
0.7469	0.5488	1.6769	0.5101	3.7318
0.7499	0.5523	1.6700	0.5194	3.8364
0.7452	0.5468	1.6702	0.5111	3.7035
0.7472	0.5479	1.6863	0.5109	3.6946
0.7430	0.5474	1.6722	0.5153	3.7128
0.7448	0.5490	1.6615	0.5199	3.6932
0.7498	0.5518	1.6806	0.5162	3.8301
0.7463	0.5497	1.6679	0.5180	3.7254
0.7435	0.5474	1.6782	0.4993	3.5539
0.7423	0.5482	1.6551	0.5109	3.7303
0.7490	0.5509	1.6652	0.5186	3.8136


