Metric: | MAE	| NMAE	| RMSE	| MRE	| NPRE	
==========================================
UMEAN
Avg:	1.2551	0.9474	2.3671	1.6814	10.0072
Std:	0.0014	0.0023	0.0055	0.0139	0.0684
==========================================
IMEAN
Avg:	1.0819	0.8166	2.1008	1.0516	6.5626
Std:	0.0016	0.0018	0.0047	0.0116	0.0640
==========================================
UPCC
Avg:	0.7779	0.5872	1.6867	0.5509	4.1170
Std:	0.0027	0.0022	0.0064	0.0075	0.0926
==========================================
IPCC
Avg:	0.8783	0.6630	1.7911	0.7027	5.0525
Std:	0.0047	0.0038	0.0053	0.0045	0.0969
==========================================
UIPCC
Avg:	0.7759	0.5857	1.6822	0.5535	4.2215
Std:	0.0026	0.0021	0.0063	0.0070	0.0833
==========================================


Detailed results for 20 rounds:
==========================================
UMEAN
==========================================
1.2549	0.9488	2.3689	1.6779	9.9871
1.2560	0.9493	2.3628	1.6866	10.0496
1.2555	0.9451	2.3721	1.6618	9.9587
1.2571	0.9508	2.3633	1.7091	10.1007
1.2537	0.9470	2.3665	1.6773	10.0033
1.2547	0.9470	2.3645	1.6784	10.0307
1.2564	0.9472	2.3711	1.6796	10.0061
1.2556	0.9465	2.3725	1.6739	9.9539
1.2544	0.9466	2.3737	1.6757	9.9613
1.2559	0.9470	2.3680	1.6882	10.0089
1.2560	0.9473	2.3679	1.6870	10.0325
1.2529	0.9485	2.3607	1.6866	9.9774
1.2569	0.9500	2.3611	1.6974	10.0433
1.2568	0.9490	2.3641	1.6922	10.0693
1.2513	0.9413	2.3719	1.6570	9.8802
1.2539	0.9454	2.3763	1.6691	9.9834
1.2551	0.9475	2.3663	1.6903	10.0995
1.2544	0.9485	2.3609	1.6870	9.9894
1.2562	0.9513	2.3547	1.7006	10.1498
1.2547	0.9434	2.3747	1.6524	9.8587


IMEAN
==========================================
1.0825	0.8185	2.1010	1.0621	6.5943
1.0808	0.8169	2.0958	1.0577	6.5696
1.0822	0.8146	2.1017	1.0557	6.6031
1.0853	0.8209	2.1018	1.0604	6.6907
1.0808	0.8164	2.0960	1.0490	6.5173
1.0810	0.8160	2.1026	1.0483	6.5412
1.0799	0.8141	2.1026	1.0438	6.5498
1.0838	0.8170	2.1076	1.0468	6.5536
1.0834	0.8176	2.0999	1.0585	6.6797
1.0816	0.8156	2.1051	1.0535	6.4979
1.0809	0.8153	2.1044	1.0479	6.4870
1.0833	0.8201	2.0920	1.0709	6.6058
1.0804	0.8167	2.0963	1.0509	6.5831
1.0801	0.8156	2.1037	1.0352	6.5522
1.0816	0.8137	2.1120	1.0232	6.4465
1.0845	0.8177	2.1013	1.0745	6.6423
1.0823	0.8171	2.0981	1.0580	6.6074
1.0794	0.8161	2.0950	1.0438	6.5066
1.0807	0.8184	2.0965	1.0542	6.5573
1.0829	0.8143	2.1033	1.0369	6.4672


UPCC
==========================================
0.7795	0.5894	1.6917	0.5536	4.1569
0.7773	0.5875	1.6794	0.5518	4.0804
0.7819	0.5886	1.6872	0.5559	4.2018
0.7780	0.5885	1.6887	0.5512	4.1253
0.7731	0.5840	1.6842	0.5401	4.0567
0.7786	0.5877	1.6847	0.5603	4.1331
0.7813	0.5890	1.6947	0.5538	4.1041
0.7745	0.5839	1.6846	0.5354	4.0209
0.7820	0.5901	1.6900	0.5587	4.2937
0.7798	0.5880	1.6947	0.5510	4.2028
0.7791	0.5877	1.6964	0.5478	4.0886
0.7773	0.5884	1.6760	0.5487	4.1371
0.7799	0.5895	1.6803	0.5604	4.2532
0.7754	0.5855	1.6861	0.5446	4.0101
0.7761	0.5838	1.6997	0.5361	3.9303
0.7717	0.5818	1.6875	0.5434	3.9602
0.7789	0.5881	1.6826	0.5571	4.1740
0.7766	0.5872	1.6812	0.5562	4.0839
0.7767	0.5882	1.6762	0.5595	4.2350
0.7803	0.5867	1.6887	0.5531	4.0914


IPCC
==========================================
0.8805	0.6657	1.7984	0.7039	5.0820
0.8803	0.6653	1.7859	0.7039	5.1030
0.8718	0.6563	1.7850	0.6975	4.9797
0.8795	0.6652	1.7902	0.7071	5.1409
0.8706	0.6576	1.7848	0.6991	4.8842
0.8773	0.6622	1.7954	0.6984	5.0254
0.8762	0.6606	1.7946	0.7009	5.0349
0.8797	0.6631	1.7954	0.7000	5.0185
0.8857	0.6683	1.7975	0.7110	5.2343
0.8819	0.6650	1.7966	0.7061	5.1369
0.8745	0.6596	1.7913	0.6989	4.9339
0.8865	0.6711	1.7912	0.7102	5.1800
0.8843	0.6684	1.7875	0.7036	5.2054
0.8783	0.6632	1.7911	0.7020	5.0120
0.8760	0.6590	1.7973	0.6946	4.9360
0.8785	0.6623	1.7938	0.7110	5.0670
0.8801	0.6645	1.7896	0.7040	5.1058
0.8737	0.6606	1.7830	0.7028	4.9536
0.8685	0.6577	1.7789	0.6981	4.9225
0.8821	0.6632	1.7948	0.7010	5.0944


UIPCC
==========================================
0.7778	0.5881	1.6881	0.5571	4.2562
0.7757	0.5863	1.6750	0.5536	4.1946
0.7784	0.5859	1.6816	0.5555	4.2739
0.7768	0.5875	1.6839	0.5581	4.2513
0.7708	0.5822	1.6795	0.5437	4.1404
0.7762	0.5859	1.6814	0.5618	4.2091
0.7781	0.5866	1.6903	0.5565	4.1959
0.7737	0.5833	1.6813	0.5408	4.1420
0.7800	0.5886	1.6856	0.5608	4.3968
0.7783	0.5868	1.6897	0.5561	4.2926
0.7761	0.5854	1.6908	0.5469	4.1782
0.7765	0.5878	1.6727	0.5523	4.2864
0.7784	0.5884	1.6750	0.5615	4.3612
0.7738	0.5843	1.6821	0.5481	4.1342
0.7739	0.5822	1.6948	0.5370	4.0487
0.7707	0.5811	1.6833	0.5486	4.1169
0.7770	0.5866	1.6779	0.5604	4.2883
0.7740	0.5852	1.6759	0.5572	4.1734
0.7730	0.5854	1.6713	0.5593	4.2746
0.7785	0.5853	1.6845	0.5553	4.2160


