Metric: | MAE	| NMAE	| RMSE	| MRE	| NPRE	
==========================================
UMEAN
Avg:	14.8449	1.3390	57.2800	4.0544	29.5965
Std:	0.0256	0.0095	1.8110	0.0420	0.2980
==========================================
IMEAN
Avg:	7.4300	0.6702	44.9197	0.5685	5.9612
Std:	0.0543	0.0042	1.9312	0.0020	0.0329
==========================================
UPCC
Avg:	7.5354	0.6797	37.6961	1.1716	16.8854
Std:	0.0652	0.0078	2.2901	0.0503	0.3781
==========================================
IPCC
Avg:	7.3681	0.6646	39.4271	0.6014	7.0293
Std:	0.0866	0.0061	2.6411	0.0052	0.0887
==========================================
UIPCC
Avg:	7.0025	0.6316	37.4757	1.0197	11.9850
Std:	0.0674	0.0054	2.6547	0.0320	0.1861
==========================================


Detailed results for 20 rounds:
==========================================
UMEAN
==========================================
14.8637	1.3397	58.7325	4.0852	29.5179
14.8388	1.3442	56.3485	4.0935	29.7974
14.8249	1.3571	56.1032	4.1176	29.7770
14.8150	1.3494	54.4773	4.0692	29.8743
14.8578	1.3426	58.1181	4.0655	29.5744
14.8450	1.3365	55.6813	4.0253	29.5049
14.8372	1.3461	58.1428	4.0923	29.9731
14.8293	1.3385	55.8781	4.0106	29.4988
14.8685	1.3317	56.9915	4.0588	29.4901
14.7853	1.3524	55.7888	4.0730	30.0087
14.8873	1.3309	61.6002	4.0527	29.5335
14.8300	1.3233	56.7371	3.9805	29.1869
14.8818	1.3263	58.2849	3.9894	28.9479
14.8458	1.3372	57.1817	4.0498	29.7029
14.8471	1.3383	57.3411	4.0983	29.5218
14.8121	1.3495	53.3935	4.0691	29.8146
14.8470	1.3486	57.9293	4.1157	30.1421
14.8913	1.3225	58.4041	3.9664	29.0735
14.8562	1.3320	59.8264	4.0420	29.3741
14.8345	1.3340	58.6396	4.0333	29.6165


IMEAN
==========================================
7.3982	0.6668	46.3092	0.5659	6.0057
7.3838	0.6689	44.1503	0.5685	5.9576
7.3120	0.6693	43.6920	0.5666	6.0013
7.4051	0.6745	41.7535	0.5719	5.9816
7.4165	0.6702	45.8010	0.5673	5.9353
7.4535	0.6710	43.2658	0.5677	5.9563
7.4103	0.6723	46.1705	0.5708	5.9521
7.3983	0.6678	43.1294	0.5684	5.9783
7.4112	0.6638	44.6641	0.5646	5.9076
7.4568	0.6821	43.9263	0.5710	5.9706
7.5256	0.6728	49.5449	0.5686	6.0046
7.4710	0.6666	44.2818	0.5653	5.9063
7.4543	0.6643	45.5679	0.5703	5.9259
7.4857	0.6743	45.0170	0.5698	5.9694
7.3974	0.6668	44.7431	0.5681	5.9062
7.3647	0.6710	40.8129	0.5693	5.9708
7.3649	0.6690	45.9752	0.5675	5.9957
7.4991	0.6660	45.2338	0.5671	5.9244
7.4802	0.6707	47.7576	0.5701	5.9730
7.5118	0.6755	46.5970	0.5714	6.0013


UPCC
==========================================
7.5585	0.6812	39.2177	1.1590	17.2075
7.4538	0.6752	36.5123	1.1553	16.6592
7.6504	0.7003	36.4773	1.2862	17.5714
7.3918	0.6733	34.1062	1.0947	16.3202
7.4398	0.6723	38.4824	1.1872	16.5489
7.5104	0.6762	35.8802	1.1205	16.4809
7.5963	0.6892	39.5632	1.2304	17.3947
7.5674	0.6830	35.4273	1.2030	17.1982
7.5153	0.6731	37.7472	1.2134	16.7326
7.5234	0.6882	36.6179	1.1640	16.7590
7.6582	0.6846	43.7171	1.1359	17.0142
7.4931	0.6686	36.3134	1.1525	16.8638
7.5642	0.6741	39.1128	1.2249	16.6227
7.4713	0.6730	36.8090	1.1278	16.3055
7.5341	0.6791	36.7485	1.1081	17.1704
7.5854	0.6911	33.9869	1.1828	17.4069
7.5000	0.6813	38.8301	1.2493	17.3487
7.5442	0.6700	37.4644	1.1351	16.3893
7.5818	0.6798	41.1323	1.1924	16.8158
7.5687	0.6806	39.7760	1.1103	16.8986


IPCC
==========================================
7.4043	0.6673	41.9375	0.6052	7.1108
7.2360	0.6555	37.1310	0.5961	7.0231
7.2874	0.6671	36.8033	0.6088	7.1421
7.2146	0.6571	35.2800	0.5915	6.8246
7.3826	0.6671	41.0007	0.6068	7.0609
7.3926	0.6656	36.9589	0.5941	6.9498
7.3756	0.6692	40.3197	0.6043	7.0000
7.2722	0.6564	36.8208	0.6000	7.0097
7.2848	0.6525	39.0479	0.5968	6.9784
7.3316	0.6706	37.8719	0.6068	7.0201
7.5348	0.6736	46.0048	0.6031	7.2151
7.3846	0.6589	38.1755	0.6000	6.9643
7.5122	0.6695	43.0011	0.6090	7.1505
7.4298	0.6692	38.7552	0.6048	7.0697
7.3902	0.6661	38.4429	0.6005	7.0892
7.4146	0.6755	36.3781	0.6054	7.1074
7.2451	0.6581	41.1201	0.5930	6.9606
7.4707	0.6635	39.3824	0.5953	7.0251
7.4047	0.6639	42.2971	0.6026	6.9341
7.3940	0.6649	41.8140	0.6039	6.9501


UIPCC
==========================================
7.0382	0.6343	39.7530	1.0268	12.0836
6.9049	0.6255	35.6902	0.9870	11.8795
6.9878	0.6397	35.2823	1.0998	12.2509
6.8616	0.6250	33.1949	0.9498	11.7027
6.9745	0.6302	38.8413	1.0205	11.8536
6.9815	0.6285	34.8101	0.9923	11.7022
7.0298	0.6378	38.8822	1.0571	12.2178
6.9542	0.6277	34.8750	1.0428	12.0731
6.9362	0.6213	37.2194	1.0335	11.8910
6.9777	0.6383	36.0934	1.0175	11.9600
7.1542	0.6396	44.1319	1.0042	12.1634
6.9913	0.6238	36.0187	1.0164	12.0498
7.1034	0.6331	40.4723	1.0468	11.9587
7.0303	0.6332	36.6499	1.0032	11.7445
7.0310	0.6337	36.5805	1.0135	12.2443
7.0199	0.6396	33.8337	1.0452	12.2022
6.9191	0.6285	39.1101	1.0476	12.1860
7.0789	0.6287	37.3827	0.9800	11.6830
7.0477	0.6319	40.8124	1.0202	11.8763
7.0283	0.6320	39.8805	0.9897	11.9770


