Metric: | MAE	| NMAE	| RMSE	| MRE	| NPRE	
==========================================
UMEAN
Avg:	15.0776	1.3432	54.2850	4.1173	32.4350
Std:	0.1452	0.0121	2.4451	0.0414	0.2712
==========================================
IMEAN
Avg:	7.4183	0.6608	40.7043	0.5675	6.4257
Std:	0.1284	0.0054	2.4634	0.0020	0.0711
==========================================
UPCC
Avg:	7.1669	0.6385	31.8467	1.0459	17.8472
Std:	0.1084	0.0095	2.5723	0.0459	0.3282
==========================================
IPCC
Avg:	6.8876	0.6135	32.4843	0.5590	7.0082
Std:	0.1420	0.0074	1.5684	0.0058	0.1211
==========================================
UIPCC
Avg:	6.5111	0.5800	30.1506	0.9087	12.8334
Std:	0.1195	0.0066	2.0004	0.0334	0.2110
==========================================


Detailed results for 20 rounds:
==========================================
UMEAN
==========================================
15.0086	1.3508	56.4573	4.1700	32.6162
15.0757	1.3397	55.7578	4.0870	32.4112
14.9204	1.3530	49.9403	4.1529	32.6267
14.8170	1.3691	51.8985	4.1846	32.5006
14.8806	1.3600	51.5800	4.1809	32.6150
15.2692	1.3303	56.0379	4.1232	32.3077
15.0167	1.3504	53.4962	4.1169	32.6876
15.1936	1.3283	54.3516	4.0601	32.6253
15.2047	1.3369	52.9471	4.1234	32.1799
15.0542	1.3407	53.6164	4.1046	32.2294
15.2195	1.3263	57.8059	4.0243	31.7670
15.0297	1.3427	50.7474	4.0678	32.7229
14.8625	1.3582	53.8072	4.1354	32.3784
15.2564	1.3289	58.0924	4.0821	32.3643
15.1440	1.3406	55.6789	4.1186	33.1169
15.3262	1.3259	54.9423	4.0949	32.2431
15.2123	1.3339	59.4524	4.1013	32.4640
15.0012	1.3557	52.2384	4.1787	32.2291
14.9317	1.3495	52.9347	4.1165	32.1943
15.1271	1.3423	53.9168	4.1221	32.4214


IMEAN
==========================================
7.3291	0.6596	43.4386	0.5669	6.5449
7.4201	0.6594	42.1734	0.5687	6.4046
7.2873	0.6608	36.0886	0.5700	6.4768
7.2786	0.6726	39.7311	0.5650	6.4196
7.3502	0.6718	39.1710	0.5693	6.3955
7.5703	0.6595	42.1897	0.5692	6.5097
7.2297	0.6502	39.7860	0.5669	6.4398
7.5181	0.6573	40.0899	0.5642	6.3853
7.4323	0.6535	38.1138	0.5664	6.2396
7.4340	0.6620	40.7013	0.5716	6.4970
7.6222	0.6642	44.1619	0.5668	6.4473
7.3808	0.6594	36.8130	0.5681	6.3401
7.2288	0.6606	40.9330	0.5668	6.3836
7.5368	0.6565	43.9019	0.5677	6.3269
7.5522	0.6685	41.9600	0.5711	6.4525
7.6180	0.6591	40.1419	0.5668	6.5163
7.5876	0.6653	46.1776	0.5655	6.4667
7.2925	0.6590	38.0534	0.5645	6.3731
7.2918	0.6590	39.8468	0.5682	6.4667
7.4055	0.6571	40.6142	0.5660	6.4278


UPCC
==========================================
7.1847	0.6466	34.8665	1.0797	18.4745
7.1439	0.6348	32.7835	1.0137	17.6492
7.0021	0.6350	27.0522	0.9746	17.6202
7.0281	0.6494	30.4396	1.0649	17.9523
7.1140	0.6502	30.8167	1.0787	17.9355
7.2026	0.6275	33.6336	1.0419	17.5016
7.1461	0.6426	31.6880	1.0535	18.0607
7.1735	0.6271	30.4312	1.0090	18.0675
7.1302	0.6269	28.7768	1.0193	18.0684
7.2234	0.6433	32.2776	1.0800	17.9107
7.2536	0.6321	35.1045	0.9937	17.5633
7.1611	0.6397	27.5031	1.0649	17.8809
7.1166	0.6504	33.2536	1.0792	17.3658
7.2248	0.6293	35.0703	1.0058	17.5171
7.3578	0.6513	32.9700	1.0623	18.3079
7.4428	0.6439	31.6013	1.1549	18.2117
7.0370	0.6171	37.1770	0.9421	17.2069
6.9963	0.6323	28.7801	1.0751	17.5301
7.1506	0.6463	31.2949	1.0599	17.9693
7.2483	0.6432	31.4134	1.0643	18.1499


IPCC
==========================================
6.6670	0.6000	34.0446	0.5632	6.9534
6.8705	0.6106	32.8781	0.5571	6.9659
6.7787	0.6147	30.4734	0.5579	7.1587
6.7613	0.6248	32.5501	0.5519	6.9269
6.7758	0.6193	30.0043	0.5600	7.0311
6.9519	0.6057	33.5418	0.5558	6.9714
6.7540	0.6074	31.7938	0.5561	7.0415
7.0763	0.6186	32.8810	0.5613	7.0316
6.8753	0.6045	32.2976	0.5517	6.7736
6.9799	0.6216	32.2516	0.5615	7.1191
7.0334	0.6129	34.4872	0.5575	6.9227
6.8188	0.6092	30.2565	0.5579	6.9008
6.6875	0.6112	31.2368	0.5660	6.9368
7.0684	0.6157	34.5793	0.5524	6.9123
7.1516	0.6331	34.2081	0.5721	7.2858
7.1186	0.6159	31.6764	0.5700	7.2766
6.9393	0.6085	35.9552	0.5539	7.0377
6.7542	0.6104	30.6318	0.5503	7.0016
6.8159	0.6160	32.0644	0.5605	6.9581
6.8731	0.6099	31.8749	0.5627	6.9582


UIPCC
==========================================
6.3848	0.5746	32.5572	0.9369	13.0695
6.4969	0.5774	30.8047	0.8879	12.6359
6.3859	0.5791	26.9737	0.8684	12.8785
6.3646	0.5881	29.6615	0.9014	12.7717
6.4433	0.5889	28.1375	0.9311	12.9015
6.5698	0.5724	31.5334	0.8842	12.8140
6.4142	0.5768	29.7037	0.9055	12.9951
6.6171	0.5785	29.8844	0.8985	12.9372
6.4895	0.5706	28.9105	0.8773	12.6104
6.5799	0.5860	30.0512	0.9204	12.8637
6.6346	0.5782	32.8864	0.8832	12.6806
6.4678	0.5778	26.9184	0.9302	12.6859
6.3777	0.5828	30.2235	0.9258	12.7446
6.6416	0.5785	32.6216	0.8855	12.5876
6.7600	0.5984	31.6924	0.9558	13.4438
6.7532	0.5843	29.1197	0.9896	13.1403
6.5177	0.5715	34.6908	0.8329	12.6412
6.3587	0.5746	27.5320	0.9137	12.5641
6.4606	0.5839	29.6926	0.9126	12.7910
6.5036	0.5771	29.4177	0.9331	12.9115


