Metric: | MAE	| NMAE	| RMSE	| MRE	| NPRE	
==========================================
UMEAN
Avg:	14.7972	1.3466	52.6850	4.1344	31.5409
Std:	0.0179	0.0091	1.6859	0.0377	0.2708
==========================================
IMEAN
Avg:	7.3869	0.6722	40.4779	0.5636	6.4285
Std:	0.0459	0.0040	1.8199	0.0019	0.0509
==========================================
UPCC
Avg:	7.5102	0.6835	34.5254	1.2201	17.2831
Std:	0.0947	0.0108	2.0379	0.0605	0.3738
==========================================
IPCC
Avg:	7.6472	0.6959	37.6379	0.6260	8.1033
Std:	0.1043	0.0078	2.2360	0.0059	0.1038
==========================================
UIPCC
Avg:	7.1831	0.6537	35.2878	1.0640	13.1856
Std:	0.0743	0.0065	2.2775	0.0280	0.1626
==========================================


Detailed results for 20 rounds:
==========================================
UMEAN
==========================================
14.7970	1.3445	52.9778	4.1372	31.4538
14.7928	1.3599	49.9160	4.1550	31.8564
14.8080	1.3468	54.3027	4.1512	31.4602
14.7667	1.3430	52.2277	4.1108	31.4553
14.8032	1.3383	52.7056	4.0835	31.3603
14.8011	1.3327	52.5259	4.0795	31.2679
14.7868	1.3277	56.7252	4.0433	30.8364
14.7788	1.3511	51.6309	4.1408	31.9829
14.8070	1.3628	53.0770	4.2107	31.5735
14.7925	1.3508	51.8876	4.1476	31.8375
14.7911	1.3416	53.6230	4.1472	31.3928
14.7845	1.3433	51.3809	4.0935	31.4726
14.7840	1.3651	48.9742	4.1740	31.9915
14.8401	1.3453	54.7086	4.1162	31.6182
14.7794	1.3433	53.5946	4.1395	31.7374
14.7793	1.3364	53.0180	4.1160	31.1645
14.8098	1.3486	50.3960	4.1539	31.5645
14.8131	1.3498	53.2449	4.1641	31.5668
14.8351	1.3532	53.1891	4.1484	31.7359
14.7938	1.3471	53.5943	4.1748	31.4898


IMEAN
==========================================
7.3429	0.6672	40.8340	0.5619	6.4134
7.3291	0.6738	37.2798	0.5651	6.4232
7.3810	0.6713	42.3626	0.5631	6.4557
7.4041	0.6734	39.6051	0.5650	6.4815
7.4351	0.6722	40.3441	0.5642	6.4555
7.3886	0.6653	39.7045	0.5613	6.4031
7.5118	0.6745	44.8154	0.5625	6.4607
7.3237	0.6696	39.2166	0.5644	6.4502
7.4044	0.6815	41.5718	0.5624	6.4043
7.3029	0.6669	39.4440	0.5653	6.4121
7.4003	0.6712	41.1634	0.5663	6.5351
7.4017	0.6725	39.0017	0.5651	6.4435
7.3863	0.6820	36.9271	0.5639	6.3507
7.4174	0.6724	42.5736	0.5676	6.5025
7.3636	0.6693	41.6079	0.5612	6.3905
7.4535	0.6740	40.9552	0.5634	6.4089
7.3702	0.6711	38.2322	0.5631	6.3763
7.3799	0.6725	41.1628	0.5622	6.3097
7.3690	0.6722	41.3400	0.5597	6.4172
7.3728	0.6713	41.4154	0.5651	6.4763


UPCC
==========================================
7.5272	0.6840	34.9179	1.2371	17.4325
7.5405	0.6932	30.6798	1.2544	17.4934
7.4037	0.6734	36.1478	1.1697	16.9542
7.4322	0.6759	33.6403	1.2008	17.3000
7.6305	0.6898	34.6394	1.2332	17.3127
7.4102	0.6672	32.9088	1.1314	17.1926
7.5959	0.6820	40.0611	1.1114	17.0693
7.4834	0.6842	33.1438	1.2805	17.4666
7.6779	0.7067	35.7463	1.3533	17.7952
7.4610	0.6813	33.2585	1.2026	17.6351
7.4670	0.6773	34.5728	1.1959	17.0336
7.6281	0.6931	32.9623	1.2029	17.6033
7.6054	0.7023	31.0118	1.3099	17.6219
7.4504	0.6754	36.7386	1.2392	16.8389
7.3205	0.6654	35.1157	1.1846	16.9022
7.4706	0.6755	35.2859	1.1264	16.5842
7.6399	0.6957	32.9591	1.2671	18.0906
7.5064	0.6840	35.3965	1.2616	17.0169
7.5552	0.6892	35.7710	1.1761	17.5335
7.3976	0.6736	35.5502	1.2647	16.7850


IPCC
==========================================
7.5442	0.6855	37.1953	0.6212	8.0257
7.5131	0.6907	33.4098	0.6198	7.9164
7.6027	0.6915	39.8897	0.6206	7.9477
7.8077	0.7101	37.1064	0.6334	8.2494
7.5729	0.6846	37.0523	0.6257	8.0603
7.7452	0.6974	35.7544	0.6317	8.2859
7.8986	0.7092	43.2635	0.6278	8.2446
7.6096	0.6957	35.5973	0.6256	8.0707
7.5714	0.6968	38.7398	0.6202	7.9409
7.4962	0.6845	36.0854	0.6265	8.1276
7.5890	0.6883	38.4994	0.6254	8.1889
7.7680	0.7058	36.7619	0.6352	8.1417
7.6256	0.7041	33.9155	0.6292	8.0506
7.6303	0.6917	40.7523	0.6227	8.0508
7.6002	0.6908	38.3153	0.6266	8.1930
7.8009	0.7054	38.5748	0.6397	8.2491
7.6852	0.6998	35.8310	0.6170	8.0811
7.6664	0.6986	38.4511	0.6302	8.0847
7.6495	0.6978	38.3986	0.6248	8.0813
7.5666	0.6890	39.1650	0.6165	8.0753


UIPCC
==========================================
7.1432	0.6491	35.1996	1.0722	13.2172
7.1005	0.6527	30.9931	1.0888	13.1497
7.1150	0.6471	37.3826	1.0341	12.9463
7.2510	0.6594	34.4972	1.0566	13.3249
7.1905	0.6501	34.9922	1.0704	13.1429
7.1883	0.6473	33.3879	1.0296	13.1719
7.3706	0.6618	41.1013	1.0243	13.2610
7.1389	0.6527	33.3961	1.0823	13.3204
7.2117	0.6637	36.5334	1.1220	13.3957
7.0639	0.6451	33.8643	1.0582	13.3545
7.1460	0.6481	36.0115	1.0503	13.1092
7.2956	0.6629	34.0321	1.0882	13.3668
7.2047	0.6653	31.3483	1.1123	13.2984
7.1577	0.6489	38.2455	1.0395	12.9335
7.0944	0.6448	36.0483	1.0469	13.0856
7.2639	0.6568	36.2392	1.0239	12.9207
7.2431	0.6596	33.3109	1.0934	13.4588
7.1958	0.6557	36.1663	1.0853	13.0411
7.1895	0.6558	36.2373	1.0618	13.2611
7.0982	0.6463	36.7696	1.0405	12.9518


