Metric: | MAE	| NMAE	| RMSE	| MRE	| NPRE	
==========================================
UMEAN
Avg:	1.2530	0.9279	2.3953	1.6443	9.8321
Std:	0.0012	0.0017	0.0060	0.0100	0.0565
==========================================
IMEAN
Avg:	1.1590	0.8583	2.2671	1.2491	7.4113
Std:	0.0015	0.0022	0.0053	0.0105	0.0585
==========================================
UPCC
Avg:	0.7773	0.5756	1.7291	0.5192	3.8655
Std:	0.0034	0.0027	0.0054	0.0062	0.1022
==========================================
IPCC
Avg:	0.8969	0.6642	1.8514	0.7125	5.4120
Std:	0.0042	0.0033	0.0055	0.0050	0.0794
==========================================
UIPCC
Avg:	0.7781	0.5762	1.7247	0.5291	4.1105
Std:	0.0029	0.0023	0.0054	0.0037	0.0847
==========================================


Detailed results for 20 rounds:
==========================================
UMEAN
==========================================
1.2532	0.9269	2.3968	1.6311	9.7818
1.2518	0.9276	2.3983	1.6313	9.7675
1.2536	0.9261	2.3986	1.6394	9.8590
1.2530	0.9289	2.3885	1.6426	9.8298
1.2520	0.9280	2.3942	1.6397	9.8083
1.2538	0.9297	2.3906	1.6556	9.9403
1.2551	0.9278	2.4034	1.6376	9.8500
1.2500	0.9288	2.3934	1.6459	9.8188
1.2522	0.9245	2.4018	1.6306	9.7785
1.2541	0.9277	2.3976	1.6418	9.8398
1.2528	0.9304	2.3871	1.6695	9.9022
1.2527	0.9299	2.3815	1.6616	9.9505
1.2532	0.9261	2.3955	1.6440	9.8764
1.2519	0.9321	2.3909	1.6582	9.9014
1.2545	0.9261	2.4013	1.6394	9.8271
1.2534	0.9272	2.4037	1.6388	9.7437
1.2518	0.9261	2.3922	1.6413	9.7970
1.2526	0.9274	2.3945	1.6404	9.7716
1.2549	0.9289	2.4053	1.6458	9.8075
1.2536	0.9277	2.3906	1.6504	9.7910


IMEAN
==========================================
1.1617	0.8592	2.2692	1.2505	7.4011
1.1615	0.8607	2.2575	1.2628	7.4904
1.1575	0.8550	2.2704	1.2431	7.3776
1.1582	0.8586	2.2598	1.2480	7.5065
1.1612	0.8607	2.2637	1.2510	7.3859
1.1589	0.8593	2.2659	1.2498	7.4784
1.1598	0.8573	2.2682	1.2470	7.3887
1.1611	0.8628	2.2639	1.2714	7.4979
1.1599	0.8564	2.2727	1.2503	7.4024
1.1567	0.8557	2.2669	1.2308	7.4172
1.1576	0.8597	2.2690	1.2385	7.4146
1.1571	0.8590	2.2652	1.2503	7.3963
1.1599	0.8572	2.2745	1.2435	7.3754
1.1585	0.8626	2.2575	1.2717	7.4735
1.1586	0.8553	2.2787	1.2393	7.3230
1.1575	0.8563	2.2629	1.2578	7.4536
1.1580	0.8567	2.2673	1.2427	7.3109
1.1588	0.8580	2.2738	1.2340	7.3797
1.1608	0.8593	2.2673	1.2558	7.4474
1.1576	0.8567	2.2673	1.2444	7.3053


UPCC
==========================================
0.7744	0.5727	1.7238	0.5098	3.7056
0.7804	0.5783	1.7289	0.5150	3.8851
0.7802	0.5764	1.7302	0.5221	4.0055
0.7805	0.5786	1.7210	0.5285	4.0056
0.7789	0.5773	1.7279	0.5236	3.9823
0.7843	0.5816	1.7376	0.5303	4.0044
0.7730	0.5714	1.7250	0.5070	3.7141
0.7790	0.5789	1.7282	0.5268	3.9695
0.7754	0.5724	1.7359	0.5198	3.7913
0.7751	0.5733	1.7290	0.5182	3.8055
0.7723	0.5736	1.7246	0.5146	3.8377
0.7745	0.5750	1.7248	0.5118	3.8629
0.7739	0.5720	1.7316	0.5094	3.6843
0.7738	0.5761	1.7241	0.5197	3.7567
0.7829	0.5780	1.7385	0.5227	3.9823
0.7773	0.5750	1.7344	0.5236	3.8880
0.7740	0.5726	1.7254	0.5171	3.8579
0.7809	0.5782	1.7372	0.5228	3.9077
0.7782	0.5760	1.7330	0.5200	3.7857
0.7765	0.5746	1.7214	0.5208	3.8787


IPCC
==========================================
0.8997	0.6654	1.8479	0.7149	5.4804
0.9013	0.6679	1.8494	0.7206	5.4790
0.8969	0.6626	1.8517	0.7137	5.4415
0.8950	0.6635	1.8427	0.7087	5.4304
0.8977	0.6654	1.8532	0.7139	5.4596
0.9033	0.6698	1.8541	0.7241	5.5130
0.9011	0.6661	1.8549	0.7133	5.4460
0.8914	0.6624	1.8474	0.7079	5.3529
0.8998	0.6643	1.8600	0.7092	5.4522
0.9015	0.6669	1.8596	0.7106	5.5342
0.8994	0.6680	1.8543	0.7084	5.4755
0.8911	0.6615	1.8413	0.7112	5.3675
0.8951	0.6615	1.8549	0.7155	5.3544
0.8960	0.6671	1.8482	0.7173	5.4360
0.8927	0.6590	1.8558	0.7067	5.3029
0.8919	0.6598	1.8489	0.7108	5.3881
0.8881	0.6571	1.8409	0.7036	5.2065
0.8987	0.6654	1.8564	0.7072	5.3857
0.8955	0.6629	1.8579	0.7146	5.2873
0.9021	0.6676	1.8490	0.7180	5.4475


UIPCC
==========================================
0.7761	0.5740	1.7192	0.5225	3.9879
0.7814	0.5790	1.7237	0.5316	4.1305
0.7804	0.5765	1.7254	0.5313	4.2399
0.7802	0.5784	1.7158	0.5339	4.2196
0.7793	0.5776	1.7235	0.5302	4.2035
0.7847	0.5819	1.7317	0.5360	4.2546
0.7758	0.5735	1.7220	0.5252	3.9886
0.7778	0.5780	1.7237	0.5282	4.1681
0.7771	0.5737	1.7321	0.5324	4.0662
0.7774	0.5750	1.7253	0.5284	4.0901
0.7744	0.5751	1.7209	0.5256	4.0930
0.7749	0.5752	1.7196	0.5245	4.1069
0.7756	0.5732	1.7278	0.5246	3.9522
0.7750	0.5771	1.7202	0.5306	4.0195
0.7822	0.5775	1.7344	0.5270	4.1886
0.7770	0.5748	1.7293	0.5310	4.1252
0.7739	0.5725	1.7196	0.5242	4.0715
0.7820	0.5790	1.7323	0.5346	4.1378
0.7787	0.5765	1.7299	0.5291	4.0301
0.7784	0.5760	1.7177	0.5311	4.1365


