Metric: | MAE	| NMAE	| RMSE	| MRE	| NPRE	
==========================================
UMEAN
Avg:	1.2866	0.9199	2.4151	1.6574	10.0505
Std:	0.0018	0.0025	0.0042	0.0174	0.0730
==========================================
IMEAN
Avg:	1.1918	0.8522	2.2788	1.1555	7.1915
Std:	0.0017	0.0025	0.0053	0.0124	0.0533
==========================================
UPCC
Avg:	0.8306	0.5939	1.7775	0.5607	4.2079
Std:	0.0033	0.0026	0.0062	0.0082	0.1127
==========================================
IPCC
Avg:	0.9579	0.6850	1.8968	0.7679	5.5123
Std:	0.0045	0.0037	0.0047	0.0056	0.0707
==========================================
UIPCC
Avg:	0.8326	0.5953	1.7769	0.5701	4.3817
Std:	0.0027	0.0023	0.0060	0.0066	0.0875
==========================================


Detailed results for 20 rounds:
==========================================
UMEAN
==========================================
1.2857	0.9191	2.4149	1.6529	10.0676
1.2874	0.9226	2.4097	1.6716	10.1097
1.2858	0.9200	2.4101	1.6560	10.0819
1.2868	0.9192	2.4139	1.6425	9.9667
1.2847	0.9210	2.4103	1.6615	10.0881
1.2877	0.9214	2.4122	1.6739	10.0585
1.2860	0.9176	2.4219	1.6372	9.9490
1.2836	0.9166	2.4178	1.6264	9.9737
1.2879	0.9197	2.4162	1.6651	10.1238
1.2880	0.9205	2.4175	1.6658	10.0495
1.2849	0.9171	2.4193	1.6431	9.9597
1.2828	0.9169	2.4170	1.6370	9.9297
1.2900	0.9245	2.4100	1.6860	10.1395
1.2861	0.9179	2.4184	1.6474	10.0425
1.2862	0.9162	2.4223	1.6436	9.9923
1.2860	0.9204	2.4134	1.6486	9.9728
1.2863	0.9194	2.4165	1.6591	10.1049
1.2875	0.9209	2.4187	1.6640	10.0966
1.2892	0.9259	2.4066	1.7007	10.2054
1.2888	0.9218	2.4153	1.6656	10.0987


IMEAN
==========================================
1.1904	0.8509	2.2793	1.1457	7.1904
1.1931	0.8550	2.2706	1.1659	7.1664
1.1928	0.8535	2.2768	1.1652	7.2022
1.1899	0.8500	2.2787	1.1346	7.1593
1.1930	0.8552	2.2682	1.1596	7.2443
1.1924	0.8533	2.2823	1.1568	7.0816
1.1946	0.8524	2.2818	1.1620	7.1947
1.1913	0.8507	2.2762	1.1448	7.1696
1.1902	0.8500	2.2850	1.1523	7.1739
1.1915	0.8515	2.2842	1.1460	7.2072
1.1917	0.8506	2.2859	1.1534	7.2754
1.1925	0.8523	2.2752	1.1707	7.1398
1.1926	0.8547	2.2766	1.1655	7.2510
1.1900	0.8493	2.2868	1.1458	7.1144
1.1877	0.8460	2.2852	1.1237	7.1280
1.1908	0.8522	2.2739	1.1536	7.1645
1.1947	0.8539	2.2788	1.1643	7.2793
1.1925	0.8530	2.2828	1.1609	7.2042
1.1942	0.8576	2.2708	1.1775	7.2753
1.1908	0.8517	2.2765	1.1608	7.2094


UPCC
==========================================
0.8335	0.5958	1.7813	0.5656	4.2868
0.8313	0.5957	1.7729	0.5682	4.3027
0.8389	0.6002	1.7820	0.5702	4.2904
0.8357	0.5969	1.7744	0.5674	4.1870
0.8288	0.5941	1.7668	0.5652	4.2582
0.8259	0.5910	1.7737	0.5548	4.1454
0.8281	0.5909	1.7801	0.5515	4.0755
0.8281	0.5914	1.7700	0.5558	4.2078
0.8336	0.5953	1.7902	0.5640	4.1604
0.8313	0.5941	1.7759	0.5663	4.3087
0.8303	0.5926	1.7866	0.5570	4.2417
0.8318	0.5945	1.7719	0.5676	4.4133
0.8297	0.5946	1.7659	0.5703	4.3300
0.8251	0.5889	1.7820	0.5558	4.1090
0.8287	0.5903	1.7834	0.5545	3.9947
0.8333	0.5964	1.7733	0.5739	4.2051
0.8289	0.5925	1.7789	0.5496	4.0381
0.8279	0.5921	1.7832	0.5462	4.0859
0.8288	0.5952	1.7774	0.5464	4.1303
0.8334	0.5961	1.7794	0.5631	4.3864


IPCC
==========================================
0.9556	0.6831	1.8957	0.7648	5.4732
0.9559	0.6851	1.8904	0.7674	5.4595
0.9607	0.6874	1.8959	0.7695	5.5837
0.9609	0.6864	1.8959	0.7686	5.5539
0.9624	0.6899	1.8962	0.7740	5.6061
0.9596	0.6867	1.9011	0.7692	5.4258
0.9576	0.6833	1.8989	0.7671	5.4527
0.9612	0.6864	1.8980	0.7689	5.5349
0.9508	0.6790	1.8999	0.7594	5.4341
0.9563	0.6834	1.8962	0.7649	5.5310
0.9555	0.6819	1.9040	0.7611	5.4553
0.9620	0.6876	1.8946	0.7792	5.5192
0.9593	0.6875	1.8920	0.7700	5.5951
0.9494	0.6776	1.8967	0.7594	5.3832
0.9575	0.6821	1.9034	0.7624	5.5464
0.9563	0.6844	1.8910	0.7698	5.4574
0.9566	0.6837	1.8948	0.7649	5.5419
0.9701	0.6939	1.9087	0.7813	5.6782
0.9586	0.6885	1.8910	0.7713	5.5438
0.9523	0.6811	1.8916	0.7650	5.4704


UIPCC
==========================================
0.8346	0.5966	1.7797	0.5736	4.4207
0.8325	0.5966	1.7720	0.5741	4.4501
0.8395	0.6007	1.7805	0.5780	4.4518
0.8372	0.5980	1.7739	0.5770	4.3586
0.8317	0.5962	1.7673	0.5756	4.4611
0.8294	0.5935	1.7750	0.5661	4.3181
0.8304	0.5926	1.7799	0.5599	4.2609
0.8305	0.5930	1.7701	0.5653	4.4000
0.8338	0.5955	1.7889	0.5708	4.3162
0.8323	0.5948	1.7757	0.5708	4.4690
0.8321	0.5939	1.7864	0.5638	4.4061
0.8338	0.5960	1.7715	0.5763	4.5226
0.8319	0.5962	1.7665	0.5794	4.4827
0.8266	0.5900	1.7813	0.5620	4.2812
0.8314	0.5922	1.7830	0.5672	4.2348
0.8344	0.5972	1.7721	0.5827	4.3597
0.8313	0.5942	1.7780	0.5634	4.2521
0.8326	0.5955	1.7836	0.5650	4.3321
0.8310	0.5968	1.7752	0.5607	4.3333
0.8343	0.5967	1.7782	0.5698	4.5220


