Metric: | MAE	| NMAE	| RMSE	| MRE	| NPRE	
==========================================
UMEAN
Avg:	1.2899	0.9279	2.3961	1.6521	9.9965
Std:	0.0067	0.0050	0.0039	0.0331	0.1279
==========================================
IMEAN
Avg:	1.2709	0.9142	2.4232	0.8963	7.7325
Std:	0.0076	0.0058	0.0081	0.0066	0.1433
==========================================
UPCC
Avg:	1.0224	0.7355	1.9983	0.7876	6.8674
Std:	0.0070	0.0053	0.0091	0.0093	0.1261
==========================================
IPCC
Avg:	1.1239	0.8084	2.1402	0.7917	6.7055
Std:	0.0091	0.0067	0.0110	0.0073	0.1226
==========================================
UIPCC
Avg:	1.0182	0.7324	1.9900	0.7836	6.7464
Std:	0.0070	0.0053	0.0089	0.0097	0.1206
==========================================


Detailed results for 20 rounds:
==========================================
UMEAN
==========================================
1.2919	0.9317	2.3895	1.6753	10.0985
1.2853	0.9251	2.3965	1.6188	9.9198
1.2954	0.9311	2.3995	1.6742	10.1513
1.2863	0.9242	2.3993	1.6390	9.9642
1.2883	0.9268	2.3925	1.6382	9.9697
1.2916	0.9286	2.3993	1.6640	10.0741
1.2960	0.9320	2.3954	1.6903	10.1602
1.2774	0.9205	2.3895	1.6063	9.7806
1.2873	0.9247	2.3997	1.6469	9.9724
1.2840	0.9234	2.3965	1.6300	9.8509
1.2903	0.9286	2.3948	1.6547	9.8732
1.2854	0.9240	2.3967	1.6382	9.9840
1.2996	0.9366	2.3895	1.7234	10.1312
1.2735	0.9152	2.3974	1.5681	9.6803
1.2949	0.9319	2.3944	1.6519	10.1180
1.2931	0.9311	2.3954	1.6599	9.9807
1.2980	0.9341	2.3938	1.6972	10.1589
1.2897	0.9257	2.4050	1.6347	9.9781
1.2997	0.9338	2.4006	1.6719	10.0901
1.2907	0.9282	2.3958	1.6584	9.9941


IMEAN
==========================================
1.2792	0.9225	2.4180	0.9043	7.9000
1.2694	0.9137	2.4149	0.9059	7.8129
1.2802	0.9202	2.4327	0.9069	7.8654
1.2701	0.9126	2.4180	0.8929	7.7517
1.2701	0.9138	2.4216	0.8959	7.7450
1.2714	0.9140	2.4287	0.8932	7.7363
1.2766	0.9181	2.4389	0.8910	7.6122
1.2728	0.9172	2.4187	0.8963	7.7978
1.2646	0.9085	2.4324	0.8887	7.4614
1.2691	0.9127	2.4345	0.8994	7.6539
1.2756	0.9180	2.4202	0.9044	7.7752
1.2492	0.8980	2.4145	0.8821	7.4593
1.2644	0.9113	2.4184	0.8952	7.5493
1.2581	0.9041	2.4095	0.8907	7.6238
1.2688	0.9131	2.4249	0.8914	7.7562
1.2784	0.9205	2.4225	0.8937	7.9213
1.2780	0.9197	2.4336	0.9025	7.8195
1.2705	0.9119	2.4183	0.8955	7.8158
1.2818	0.9209	2.4129	0.9052	7.9949
1.2691	0.9127	2.4298	0.8900	7.5983


UPCC
==========================================
1.0305	0.7431	1.9999	0.7989	7.0810
1.0168	0.7318	1.9836	0.7851	6.8364
1.0274	0.7385	2.0146	0.7760	6.8664
1.0189	0.7321	1.9959	0.7816	6.7813
1.0268	0.7387	1.9995	0.7921	6.9260
1.0154	0.7300	1.9932	0.7731	6.7406
1.0302	0.7409	2.0113	0.7908	6.8948
1.0155	0.7318	1.9831	0.7897	6.8365
1.0076	0.7238	1.9985	0.7692	6.5289
1.0198	0.7335	2.0117	0.7863	6.8593
1.0265	0.7388	1.9955	0.7989	6.8339
1.0152	0.7297	1.9938	0.7790	6.7645
1.0322	0.7440	2.0029	0.7820	7.0980
1.0110	0.7266	1.9844	0.7796	6.7570
1.0228	0.7361	2.0000	0.8016	6.8726
1.0214	0.7354	1.9879	0.7928	6.8464
1.0233	0.7364	2.0013	0.7850	6.9079
1.0267	0.7369	2.0048	0.7920	6.8725
1.0307	0.7405	1.9946	0.8023	6.9987
1.0299	0.7407	2.0101	0.7952	7.0461


IPCC
==========================================
1.1317	0.8162	2.1386	0.7991	6.9086
1.1187	0.8052	2.1313	0.8001	6.6652
1.1316	0.8134	2.1545	0.7953	6.7593
1.1206	0.8051	2.1308	0.7891	6.7319
1.1274	0.8111	2.1423	0.7938	6.7699
1.1243	0.8083	2.1442	0.7872	6.6884
1.1342	0.8157	2.1573	0.7962	6.7032
1.1133	0.8022	2.1255	0.7883	6.6659
1.1161	0.8018	2.1452	0.7816	6.4672
1.1126	0.8002	2.1485	0.7846	6.5466
1.1247	0.8094	2.1345	0.7955	6.6945
1.1063	0.7952	2.1291	0.7741	6.4754
1.1282	0.8131	2.1420	0.7966	6.7138
1.1054	0.7944	2.1123	0.7836	6.5180
1.1241	0.8090	2.1417	0.7911	6.7362
1.1299	0.8135	2.1406	0.7925	6.8519
1.1320	0.8147	2.1580	0.8019	6.7556
1.1261	0.8083	2.1396	0.7884	6.7750
1.1388	0.8182	2.1346	0.8048	6.9158
1.1318	0.8139	2.1524	0.7905	6.7676


UIPCC
==========================================
1.0258	0.7398	1.9897	0.7968	6.9490
1.0129	0.7290	1.9776	0.7839	6.7439
1.0236	0.7357	2.0058	0.7739	6.7879
1.0150	0.7293	1.9863	0.7803	6.7059
1.0223	0.7354	1.9911	0.7860	6.7880
1.0134	0.7286	1.9875	0.7701	6.6186
1.0265	0.7382	2.0030	0.7905	6.7680
1.0104	0.7281	1.9755	0.7821	6.7004
1.0048	0.7218	1.9911	0.7677	6.4342
1.0143	0.7295	2.0045	0.7802	6.6868
1.0216	0.7352	1.9872	0.7912	6.7400
1.0091	0.7254	1.9858	0.7683	6.6206
1.0273	0.7404	1.9936	0.7759	6.9618
1.0055	0.7226	1.9740	0.7746	6.5982
1.0186	0.7330	1.9922	0.7992	6.7408
1.0181	0.7330	1.9805	0.7910	6.7607
1.0205	0.7344	1.9937	0.7822	6.7868
1.0221	0.7336	1.9948	0.7889	6.7712
1.0274	0.7381	1.9847	0.8012	6.8588
1.0257	0.7376	2.0011	0.7882	6.9062


