Metric: | MAE	| NMAE	| RMSE	| MRE	| NPRE	
==========================================
UMEAN
Avg:	14.2457	1.3390	50.3904	4.0787	29.0058
Std:	0.0246	0.0104	1.5139	0.0463	0.3714
==========================================
IMEAN
Avg:	7.1630	0.6733	37.7813	0.5547	8.0815
Std:	0.0409	0.0024	1.5688	0.0021	0.0572
==========================================
UPCC
Avg:	7.4499	0.7003	32.7238	1.2574	17.0912
Std:	0.0938	0.0108	1.6884	0.0503	0.4124
==========================================
IPCC
Avg:	7.7340	0.7269	35.9866	0.6779	10.4545
Std:	0.1192	0.0087	1.6972	0.0067	0.1872
==========================================
UIPCC
Avg:	7.2622	0.6826	33.7371	1.1450	14.3148
Std:	0.0677	0.0050	1.7784	0.0275	0.1521
==========================================


Detailed results for 20 rounds:
==========================================
UMEAN
==========================================
14.2402	1.3431	51.9421	4.1200	29.4481
14.2778	1.3498	50.2031	4.1431	29.2667
14.2909	1.3549	48.3991	4.1240	29.1803
14.2662	1.3564	47.2425	4.1568	29.8508
14.2305	1.3471	49.2646	4.1198	29.3929
14.2341	1.3302	51.8838	4.0640	29.0876
14.2501	1.3372	51.2846	4.0726	29.1161
14.2633	1.3391	49.6950	4.0537	28.5465
14.2631	1.3443	49.7730	4.1036	29.0134
14.2530	1.3389	49.6377	4.0452	28.9867
14.2838	1.3542	48.9866	4.1524	29.5338
14.2081	1.3239	51.2279	4.0229	28.4011
14.2033	1.3165	52.0840	3.9930	28.4005
14.2268	1.3344	51.2011	4.0463	28.6690
14.2326	1.3324	51.7030	4.0752	28.8700
14.2260	1.3298	52.4373	4.0097	28.7415
14.2057	1.3286	51.1172	4.0452	28.8310
14.2530	1.3458	47.4304	4.0447	28.8805
14.2440	1.3337	51.9373	4.1027	28.7204
14.2620	1.3401	50.3578	4.0800	29.1797


IMEAN
==========================================
7.1369	0.6731	39.7328	0.5556	8.0290
7.1239	0.6735	37.4561	0.5569	8.0929
7.1210	0.6752	36.2901	0.5514	8.0368
7.1239	0.6773	34.4661	0.5576	8.2010
7.1060	0.6727	36.9641	0.5530	8.0835
7.2140	0.6742	39.4153	0.5549	8.0418
7.1955	0.6752	38.7875	0.5541	8.0530
7.1708	0.6732	36.9038	0.5511	8.0005
7.1148	0.6706	36.8668	0.5541	8.0653
7.2079	0.6771	37.2130	0.5519	8.0187
7.1243	0.6754	36.2823	0.5580	8.1693
7.2000	0.6709	38.6548	0.5527	8.0098
7.2395	0.6710	38.9657	0.5564	8.1584
7.1848	0.6739	38.6335	0.5557	8.1038
7.1816	0.6723	39.0339	0.5572	8.1289
7.2365	0.6764	40.0145	0.5564	8.1070
7.1390	0.6677	38.5527	0.5539	8.0605
7.1322	0.6734	34.3949	0.5531	8.0283
7.1591	0.6703	39.2142	0.5524	8.1683
7.1488	0.6717	37.7836	0.5568	8.0729


UPCC
==========================================
7.3644	0.6946	35.2563	1.2327	16.9925
7.2836	0.6886	32.2893	1.2148	16.7621
7.4523	0.7066	30.7989	1.2548	17.2003
7.5644	0.7192	29.2217	1.3707	17.7936
7.4528	0.7055	31.9843	1.2701	17.5582
7.4913	0.7001	34.6674	1.1917	17.2098
7.3492	0.6897	33.6917	1.2406	16.8128
7.4356	0.6981	31.7907	1.2270	16.5634
7.4735	0.7044	32.1692	1.1919	17.2780
7.6870	0.7221	32.2009	1.3592	17.4014
7.5068	0.7117	31.2096	1.2931	17.7099
7.4554	0.6947	33.2651	1.3391	16.8534
7.3234	0.6788	33.8309	1.1974	16.2376
7.4116	0.6952	33.6374	1.2585	16.4440
7.4289	0.6955	34.0307	1.2408	17.1329
7.5223	0.7031	35.4814	1.2165	17.0370
7.4285	0.6948	33.3570	1.2761	16.9488
7.6011	0.7177	29.2602	1.2756	17.7547
7.3677	0.6898	33.8673	1.2309	17.1171
7.3982	0.6952	32.4664	1.2663	17.0172


IPCC
==========================================
7.5831	0.7152	37.7915	0.6737	10.2822
7.6875	0.7268	35.2266	0.6763	10.3837
7.5384	0.7147	34.2235	0.6606	10.0478
7.7284	0.7348	32.8252	0.6767	10.4885
7.5807	0.7176	35.2497	0.6683	10.2826
7.7187	0.7213	37.3757	0.6762	10.4308
7.9424	0.7453	37.3331	0.6828	10.7300
7.7692	0.7294	35.2964	0.6771	10.3911
7.6505	0.7210	34.3809	0.6725	10.3414
7.6876	0.7222	35.1161	0.6708	10.2986
7.6133	0.7218	34.0651	0.6740	10.3409
7.7592	0.7230	37.0534	0.6842	10.4082
7.9720	0.7389	37.6077	0.6854	10.9206
7.8633	0.7375	37.0289	0.6852	10.6208
7.8263	0.7327	37.4896	0.6838	10.5874
7.8058	0.7297	38.6481	0.6852	10.5369
7.6647	0.7168	35.9668	0.6817	10.5352
7.6572	0.7230	32.7235	0.6743	10.3102
7.9081	0.7404	37.9588	0.6837	10.6500
7.7236	0.7258	36.3712	0.6852	10.5040


UIPCC
==========================================
7.1504	0.6744	36.0327	1.1192	14.1191
7.1703	0.6779	33.0160	1.1046	14.1921
7.1428	0.6772	31.8788	1.1362	14.0619
7.3024	0.6943	30.1445	1.2043	14.5884
7.1678	0.6785	32.9701	1.1508	14.3432
7.2781	0.6801	35.4225	1.1007	14.4085
7.3336	0.6882	34.8951	1.1324	14.3521
7.2829	0.6837	32.9757	1.1362	13.9820
7.2187	0.6803	32.3989	1.1120	14.2128
7.3300	0.6886	33.0243	1.1737	14.3327
7.2115	0.6837	31.8810	1.1599	14.4806
7.2841	0.6787	34.6954	1.1716	14.1909
7.3683	0.6830	35.2764	1.0994	14.3775
7.3236	0.6869	34.8069	1.1449	14.1702
7.3031	0.6837	35.2299	1.1497	14.4659
7.3311	0.6853	36.6103	1.1396	14.3595
7.2117	0.6745	34.0345	1.1555	14.4482
7.2614	0.6856	30.2266	1.1776	14.3704
7.3388	0.6871	35.3720	1.1628	14.4542
7.2337	0.6797	33.8504	1.1683	14.3863


