Metric: | MAE	| NMAE	| RMSE	| MRE	| NPRE	
==========================================
UMEAN
Avg:	14.9504	1.3506	53.7192	4.2314	34.1556
Std:	0.0403	0.0106	1.0714	0.0468	0.5120
==========================================
IMEAN
Avg:	7.5114	0.6786	40.8481	0.5621	7.0863
Std:	0.0305	0.0038	1.0213	0.0017	0.0606
==========================================
UPCC
Avg:	8.1136	0.7330	36.3285	1.4902	19.6938
Std:	0.0965	0.0102	1.2137	0.0579	0.4076
==========================================
IPCC
Avg:	8.7007	0.7860	40.6502	0.7325	11.5138
Std:	0.1128	0.0119	0.9440	0.0061	0.1660
==========================================
UIPCC
Avg:	8.1161	0.7332	38.0195	1.3265	17.2285
Std:	0.0786	0.0089	1.1414	0.0283	0.2434
==========================================


Detailed results for 20 rounds:
==========================================
UMEAN
==========================================
14.9608	1.3516	53.7529	4.1827	33.7040
15.0006	1.3648	52.7487	4.3016	34.6019
14.9591	1.3522	53.5380	4.2337	33.8566
14.9785	1.3618	53.2785	4.2953	34.4067
14.9963	1.3657	53.5427	4.3086	34.7894
14.9412	1.3474	53.1470	4.2234	34.3561
14.9512	1.3473	53.1389	4.2091	33.7439
14.9708	1.3578	52.1619	4.2622	34.5734
14.9452	1.3481	53.4142	4.2273	33.7314
14.9723	1.3565	53.4031	4.2722	34.9788
15.0072	1.3609	53.3566	4.2216	34.1413
14.9875	1.3591	53.2465	4.2459	34.2611
14.9123	1.3403	55.8065	4.1713	33.5651
14.9886	1.3636	51.6435	4.2838	34.5713
14.9512	1.3483	54.3847	4.2683	35.1307
14.9146	1.3391	53.1677	4.1939	33.7422
14.8476	1.3275	55.2004	4.1492	33.2896
14.8828	1.3325	55.3459	4.1508	33.3637
14.9293	1.3467	55.4451	4.2086	34.0745
14.9110	1.3406	54.6618	4.2184	34.2300


IMEAN
==========================================
7.5449	0.6816	40.8915	0.5597	7.0813
7.5107	0.6834	40.0068	0.5644	7.0408
7.5138	0.6792	40.4313	0.5643	7.1395
7.4776	0.6798	40.5941	0.5627	7.0854
7.5009	0.6831	40.9354	0.5629	7.1152
7.5322	0.6793	40.2428	0.5627	7.1466
7.4809	0.6741	39.7611	0.5604	7.0173
7.5220	0.6822	39.7850	0.5638	7.1719
7.5105	0.6775	40.4027	0.5599	7.0522
7.5108	0.6805	40.5940	0.5611	7.1034
7.5445	0.6842	40.5099	0.5609	7.0389
7.4744	0.6778	40.3833	0.5647	7.2022
7.4913	0.6733	42.9128	0.5614	7.0027
7.4459	0.6774	39.0548	0.5624	7.1850
7.5380	0.6798	41.7241	0.5623	7.0340
7.4966	0.6731	40.0028	0.5588	6.9751
7.5415	0.6743	42.2083	0.5625	7.0499
7.5255	0.6738	42.3414	0.5602	7.0670
7.5808	0.6838	42.5951	0.5642	7.0981
7.4847	0.6729	41.5854	0.5629	7.1199


UPCC
==========================================
8.1221	0.7338	36.2886	1.4308	19.4699
8.2545	0.7510	35.6338	1.5566	19.9770
7.9758	0.7210	35.5269	1.5060	18.9914
8.0938	0.7359	36.3169	1.4620	19.6984
8.0576	0.7338	36.2288	1.5328	19.8122
8.1005	0.7305	36.0157	1.4200	19.7628
8.0260	0.7233	34.6678	1.5061	19.5634
8.2069	0.7443	35.4456	1.4941	20.2244
8.1850	0.7383	35.8757	1.5613	19.7894
8.0832	0.7323	35.4803	1.5158	20.0183
8.2979	0.7525	36.4371	1.5522	20.2107
8.0329	0.7284	35.9086	1.4764	19.3109
8.0114	0.7201	38.8490	1.3564	18.9144
8.2087	0.7468	34.0825	1.5924	20.1630
8.1317	0.7333	37.1021	1.3871	20.2983
8.1836	0.7348	35.3602	1.4656	19.7790
8.1545	0.7291	38.2054	1.4722	19.1515
8.1652	0.7310	38.1384	1.5234	20.0039
8.0928	0.7300	38.2404	1.5081	19.5294
7.8872	0.7091	36.7663	1.4853	19.2079


IPCC
==========================================
8.7599	0.7914	40.8039	0.7308	11.3901
8.7739	0.7983	40.0988	0.7366	11.5099
8.7534	0.7913	40.1868	0.7367	11.6579
8.7269	0.7934	40.2531	0.7356	11.6107
8.5442	0.7781	40.4572	0.7172	11.2329
8.9056	0.8031	40.4521	0.7269	11.6048
8.6984	0.7838	39.7145	0.7288	11.4222
8.6110	0.7810	39.4771	0.7308	11.4713
8.6301	0.7784	39.9238	0.7326	11.3058
8.8446	0.8013	40.9376	0.7325	11.6541
8.8934	0.8065	40.4721	0.7348	11.6934
8.6453	0.7840	40.3743	0.7306	11.6012
8.6891	0.7810	42.4823	0.7427	11.7107
8.6604	0.7879	38.8800	0.7305	11.4997
8.6272	0.7780	41.2106	0.7356	11.4908
8.5999	0.7722	39.8157	0.7312	11.3852
8.5862	0.7677	41.7462	0.7322	11.3912
8.5673	0.7670	42.0891	0.7215	11.1911
8.9050	0.8033	42.3598	0.7424	11.8678
8.5923	0.7725	41.2684	0.7411	11.5844


UIPCC
==========================================
8.1602	0.7372	38.0863	1.2921	16.9121
8.2173	0.7477	37.3315	1.3710	17.4893
8.0877	0.7311	37.3941	1.3332	17.0233
8.1281	0.7390	37.7888	1.3227	17.3029
8.0038	0.7289	37.9544	1.3133	16.9120
8.2195	0.7412	37.5660	1.3131	17.3250
8.0858	0.7286	36.6570	1.3288	17.2078
8.0884	0.7336	36.8667	1.3285	17.3745
8.1059	0.7312	37.3642	1.3602	17.1172
8.1719	0.7404	37.7175	1.3224	17.4346
8.2976	0.7524	37.8935	1.3724	17.7274
8.0484	0.7298	37.6746	1.3210	16.9899
8.0756	0.7258	40.3191	1.2761	16.9953
8.1177	0.7385	35.8163	1.3899	17.4854
8.0875	0.7293	38.7997	1.2921	17.5121
8.0829	0.7257	37.1893	1.3109	17.0490
8.0819	0.7226	39.6176	1.3055	16.9708
8.0725	0.7227	39.8036	1.3106	17.1128
8.2311	0.7425	39.8880	1.3475	17.5878
7.9589	0.7155	38.6623	1.3184	17.0409


