Metric: | MAE	| NMAE	| RMSE	| MRE	| NPRE	
==========================================
UMEAN
Avg:	14.8103	1.3457	55.6932	4.1071	30.7830
Std:	0.0455	0.0111	1.6520	0.0520	0.3712
==========================================
IMEAN
Avg:	7.5922	0.6898	43.7675	0.5620	7.0234
Std:	0.0416	0.0039	1.7350	0.0016	0.0575
==========================================
UPCC
Avg:	8.3787	0.7614	39.4163	1.5041	18.7734
Std:	0.1068	0.0125	1.9035	0.0698	0.4216
==========================================
IPCC
Avg:	8.7153	0.7919	43.1976	0.7223	10.8383
Std:	0.1106	0.0107	1.9289	0.0064	0.1937
==========================================
UIPCC
Avg:	8.2298	0.7478	40.6902	1.3103	15.9269
Std:	0.0870	0.0095	2.0736	0.0393	0.2239
==========================================


Detailed results for 20 rounds:
==========================================
UMEAN
==========================================
14.7929	1.3450	57.1155	4.0956	30.6749
14.8217	1.3476	55.2112	4.0882	30.5526
14.7227	1.3248	58.2701	4.0117	29.9453
14.8015	1.3475	54.7230	4.1323	30.9229
14.8335	1.3558	55.3275	4.1570	31.0136
14.7777	1.3387	56.1614	4.0522	30.3298
14.8102	1.3450	57.4452	4.0812	30.5474
14.8313	1.3506	54.9885	4.1406	31.1993
14.7689	1.3335	55.9385	4.0786	30.5393
14.8216	1.3488	54.6802	4.1129	30.7224
14.8429	1.3504	54.3783	4.1078	31.1580
14.8588	1.3555	55.7871	4.1845	31.0676
14.8402	1.3570	56.0851	4.1764	30.9171
14.8142	1.3502	55.9283	4.1442	31.1721
14.7575	1.3324	57.8020	4.0770	30.4990
14.8434	1.3477	55.0230	4.0633	30.8447
14.9062	1.3674	50.5588	4.1496	31.4704
14.8690	1.3599	54.3554	4.2062	31.2388
14.7373	1.3277	56.2992	4.0257	30.3840
14.7537	1.3293	57.7857	4.0580	30.4602


IMEAN
==========================================
7.6370	0.6944	45.5476	0.5617	6.9536
7.5823	0.6894	43.3696	0.5602	6.9894
7.5982	0.6837	46.2378	0.5614	7.0188
7.5737	0.6895	42.5649	0.5596	6.9359
7.6005	0.6947	43.4753	0.5652	7.0983
7.6029	0.6888	44.0789	0.5623	7.0067
7.5770	0.6881	45.7011	0.5621	7.0332
7.4892	0.6820	42.4969	0.5626	6.9476
7.6041	0.6866	43.9050	0.5625	7.0160
7.5643	0.6884	42.7313	0.5646	7.0388
7.5686	0.6886	42.0971	0.5631	7.0461
7.6477	0.6976	44.6588	0.5632	6.9647
7.5692	0.6921	44.5262	0.5607	7.0101
7.6071	0.6933	44.6766	0.5616	7.1102
7.6581	0.6914	45.9442	0.5629	7.0617
7.5913	0.6892	42.3923	0.5638	7.0756
7.5733	0.6947	38.8298	0.5593	7.1464
7.5297	0.6887	42.2308	0.5596	6.9398
7.5926	0.6840	44.0543	0.5616	7.0061
7.6769	0.6917	45.8320	0.5622	7.0691


UPCC
==========================================
8.4454	0.7679	41.4043	1.5476	18.8569
8.5045	0.7732	39.2714	1.5174	18.8509
8.2338	0.7409	42.0517	1.4110	18.0534
8.2695	0.7528	37.5504	1.4991	18.6367
8.5101	0.7778	39.2956	1.5427	19.7302
8.2896	0.7510	39.5504	1.4059	18.3717
8.3660	0.7598	41.6229	1.4650	18.9145
8.4204	0.7668	38.2167	1.4960	18.9585
8.2257	0.7427	39.5041	1.4742	18.1889
8.4355	0.7676	38.4664	1.5337	18.7961
8.3905	0.7634	37.2425	1.4888	18.7462
8.4660	0.7723	40.2554	1.5454	19.0343
8.3336	0.7620	40.3596	1.5776	18.5373
8.3212	0.7584	40.1939	1.5628	18.7619
8.5090	0.7683	42.2959	1.5157	19.1680
8.3421	0.7574	37.8491	1.4255	18.2954
8.6272	0.7914	34.6435	1.6985	19.6577
8.3494	0.7636	37.2831	1.5271	18.9872
8.2329	0.7417	39.4423	1.4683	18.4350
8.3025	0.7481	41.8268	1.3798	18.4880


IPCC
==========================================
8.6391	0.7855	45.0859	0.7107	10.6229
8.8576	0.8053	42.7881	0.7297	11.0143
8.5777	0.7719	45.5282	0.7236	10.9391
8.6460	0.7871	42.0426	0.7146	10.6348
8.7588	0.8005	43.7544	0.7273	10.7763
8.5968	0.7788	43.6296	0.7145	10.5807
8.6085	0.7818	45.1468	0.7210	10.6806
8.6844	0.7908	42.8005	0.7241	10.7936
8.7353	0.7887	43.0752	0.7304	11.0384
8.7005	0.7918	41.6291	0.7300	10.9996
8.8160	0.8021	40.4572	0.7273	11.0053
8.7823	0.8012	44.4177	0.7283	10.7161
8.5867	0.7852	43.5065	0.7160	10.5540
8.7720	0.7995	44.0993	0.7261	11.0709
8.8389	0.7981	45.4735	0.7301	11.0616
8.9387	0.8116	42.4944	0.7169	11.1414
8.7932	0.8066	37.7383	0.7180	10.8391
8.5025	0.7776	40.8054	0.7131	10.5329
8.6508	0.7793	43.9915	0.7172	10.7377
8.8199	0.7947	45.4881	0.7264	11.0260


UIPCC
==========================================
8.2130	0.7468	42.8810	1.3082	15.9595
8.3444	0.7587	40.2515	1.3590	16.0649
8.0982	0.7287	43.4499	1.2676	15.7140
8.1447	0.7415	39.2913	1.2847	15.8174
8.3113	0.7596	40.8397	1.3495	16.2277
8.1356	0.7370	41.1214	1.2394	15.4703
8.1710	0.7420	42.9890	1.2868	15.6968
8.2280	0.7493	39.9061	1.3158	15.9292
8.1963	0.7401	40.6568	1.2894	15.9130
8.2450	0.7503	39.3804	1.3374	16.0500
8.2796	0.7533	38.0200	1.3189	16.0547
8.2980	0.7570	41.7487	1.3497	15.8888
8.1215	0.7427	41.3025	1.3399	15.7578
8.2354	0.7506	41.6107	1.3381	16.1864
8.3541	0.7543	43.3190	1.3278	16.3133
8.3551	0.7586	39.3371	1.2566	15.8997
8.3574	0.7666	34.9217	1.3977	16.3278
8.1007	0.7409	38.3733	1.3027	15.8359
8.1375	0.7331	41.1580	1.2672	15.5816
8.2703	0.7452	43.2457	1.2689	15.8490


