Metric: | MAE	| NMAE	| RMSE	| MRE	| NPRE	
==========================================
UMEAN
Avg:	15.5160	1.3402	57.4270	4.1295	26.6905
Std:	0.0516	0.0099	2.4965	0.0319	0.2908
==========================================
IMEAN
Avg:	7.6459	0.6604	44.8337	0.5384	6.2448
Std:	0.0675	0.0033	2.5663	0.0023	0.0461
==========================================
UPCC
Avg:	7.7904	0.6729	37.7925	1.1803	16.4044
Std:	0.1064	0.0136	2.7814	0.0729	0.4741
==========================================
IPCC
Avg:	7.5739	0.6541	39.1251	0.5819	7.9215
Std:	0.1139	0.0071	3.1662	0.0055	0.1236
==========================================
UIPCC
Avg:	7.1957	0.6215	37.2217	0.9969	12.6400
Std:	0.0801	0.0071	3.2020	0.0379	0.2235
==========================================


Detailed results for 20 rounds:
==========================================
UMEAN
==========================================
15.5921	1.3270	58.9318	4.0925	26.1480
15.5686	1.3308	56.6500	4.1191	26.4568
15.5201	1.3394	60.5512	4.1551	26.7491
15.5118	1.3283	59.7137	4.1038	26.5403
15.5856	1.3228	63.2640	4.0976	26.5085
15.4433	1.3474	56.6416	4.1664	27.0013
15.5412	1.3389	58.4205	4.1225	26.5251
15.4381	1.3673	52.3907	4.1895	27.3285
15.6118	1.3303	59.0548	4.0607	26.3482
15.4589	1.3474	56.3338	4.1689	26.9947
15.4749	1.3432	56.4364	4.1241	26.8028
15.5054	1.3373	54.5854	4.0802	26.2879
15.4898	1.3394	56.0973	4.1415	27.0316
15.5757	1.3368	60.7608	4.1313	26.7849
15.5163	1.3386	58.8174	4.1205	26.4447
15.5249	1.3455	56.9398	4.1576	26.5992
15.5434	1.3387	55.4121	4.1089	26.7093
15.4964	1.3419	57.0261	4.1419	26.6154
15.4293	1.3538	53.8152	4.1506	26.8786
15.4926	1.3485	56.6974	4.1580	27.0545


IMEAN
==========================================
7.7553	0.6600	45.8154	0.5359	6.2089
7.6713	0.6557	43.7738	0.5386	6.2800
7.7327	0.6674	48.3296	0.5429	6.2297
7.7327	0.6621	47.1523	0.5419	6.2943
7.7827	0.6606	50.9175	0.5394	6.3157
7.5611	0.6597	44.5555	0.5372	6.3536
7.6953	0.6630	45.7501	0.5385	6.2324
7.5467	0.6684	39.6278	0.5363	6.2699
7.6948	0.6557	45.9799	0.5404	6.2437
7.5907	0.6616	44.1004	0.5404	6.2315
7.5786	0.6578	43.9060	0.5353	6.2225
7.6591	0.6606	41.6080	0.5385	6.1977
7.5973	0.6570	43.3477	0.5402	6.2634
7.6606	0.6575	47.9986	0.5409	6.2875
7.6344	0.6586	46.6766	0.5340	6.1651
7.6118	0.6597	44.5289	0.5361	6.2278
7.6540	0.6592	42.4812	0.5388	6.2285
7.6011	0.6582	44.4243	0.5379	6.2448
7.5746	0.6646	41.3336	0.5360	6.1570
7.5828	0.6600	44.3665	0.5389	6.2427


UPCC
==========================================
7.7779	0.6619	38.4419	1.1227	15.6112
7.6760	0.6561	36.4407	1.0174	16.1153
7.8258	0.6754	41.7166	1.1137	16.5565
7.9654	0.6821	40.3732	1.2280	16.8572
7.7890	0.6611	45.1311	1.1718	16.2716
7.7699	0.6779	38.0333	1.1747	16.8026
7.7020	0.6636	38.2755	1.1620	15.8062
7.8644	0.6965	32.7441	1.2765	17.3514
7.6197	0.6493	38.0001	1.1052	15.3576
7.9636	0.6941	38.1279	1.3205	16.9626
7.9866	0.6932	36.8140	1.2495	17.0117
7.7827	0.6712	34.8246	1.1554	16.2758
7.6290	0.6597	35.6550	1.1279	16.0700
7.7044	0.6613	40.6410	1.1073	16.4397
7.7270	0.6666	40.0831	1.1712	16.3080
7.8975	0.6845	36.7608	1.3136	16.3522
7.7153	0.6645	35.0492	1.2059	16.2783
7.7541	0.6715	37.3619	1.1569	16.2809
7.9029	0.6934	34.0600	1.2160	16.7676
7.7543	0.6749	37.3157	1.2105	16.6125


IPCC
==========================================
7.7177	0.6568	39.0841	0.5714	7.8614
7.5069	0.6417	37.0922	0.5804	7.8685
7.5667	0.6530	43.3958	0.5842	7.8867
7.6712	0.6569	41.7904	0.5803	7.9813
7.8571	0.6669	47.9504	0.5838	7.9867
7.4899	0.6535	39.3529	0.5755	8.1137
7.6416	0.6584	40.8934	0.5837	8.1263
7.4160	0.6568	35.0989	0.5760	7.7980
7.6028	0.6478	39.9231	0.5789	7.8592
7.5551	0.6585	38.4067	0.5871	7.8900
7.5138	0.6522	36.2637	0.5798	7.7602
7.7606	0.6693	35.8453	0.5891	8.1440
7.3865	0.6387	36.3034	0.5789	7.7656
7.5528	0.6482	42.2914	0.5858	7.9288
7.5563	0.6519	42.0358	0.5791	7.7769
7.4764	0.6480	37.8002	0.5785	7.8565
7.6346	0.6575	37.0678	0.5944	8.1361
7.5659	0.6552	38.2768	0.5907	7.9263
7.4352	0.6524	34.6013	0.5770	7.7906
7.5708	0.6590	39.0292	0.5837	7.9728


UIPCC
==========================================
7.3012	0.6214	37.5000	0.9501	12.1804
7.0981	0.6067	35.2947	0.9307	12.4444
7.2253	0.6236	41.7245	0.9793	12.6397
7.3250	0.6272	40.0182	1.0075	12.8804
7.3671	0.6253	45.8497	0.9903	12.6865
7.1395	0.6229	37.4248	1.0045	12.9757
7.2251	0.6225	38.7192	0.9816	12.5895
7.1133	0.6300	32.4495	1.0529	13.0529
7.1564	0.6098	38.0246	0.9353	12.1754
7.2285	0.6300	36.7625	1.0664	12.8594
7.2161	0.6264	35.0121	1.0400	12.7867
7.2942	0.6291	33.4850	0.9957	12.6905
7.0179	0.6069	34.5786	0.9577	12.4273
7.1537	0.6140	40.5753	0.9688	12.7405
7.1549	0.6173	40.0770	0.9788	12.4492
7.1812	0.6224	35.9786	1.0627	12.6093
7.2036	0.6204	34.6935	1.0125	12.6759
7.1651	0.6205	36.4278	0.9960	12.5809
7.1707	0.6291	32.8690	1.0154	12.5881
7.1781	0.6248	36.9687	1.0123	12.7666


