Metric: | MAE	| NMAE	| RMSE	| MRE	| NPRE	
==========================================
UMEAN
Avg:	15.1332	1.3404	53.0941	4.0326	26.9807
Std:	0.1227	0.0156	0.4670	0.0856	0.5017
==========================================
IMEAN
Avg:	7.9213	0.7016	41.4226	0.5494	6.6663
Std:	0.0482	0.0051	0.4898	0.0021	0.0642
==========================================
UPCC
Avg:	9.3840	0.8312	39.5269	1.6317	16.9745
Std:	0.1334	0.0143	0.5627	0.0844	0.5302
==========================================
IPCC
Avg:	9.5440	0.8453	41.9607	0.7683	11.1608
Std:	0.1348	0.0143	0.3395	0.0070	0.1950
==========================================
UIPCC
Avg:	9.1910	0.8141	40.4047	1.4083	15.0989
Std:	0.1200	0.0130	0.4856	0.0495	0.3583
==========================================


Detailed results for 20 rounds:
==========================================
UMEAN
==========================================
15.2394	1.3552	52.5691	4.0882	27.0892
15.2705	1.3564	53.1867	4.1733	27.2563
15.1046	1.3364	53.2084	3.9350	26.5498
14.8972	1.3104	53.3907	3.9398	26.3070
15.3369	1.3647	52.5099	4.1412	27.7998
15.1283	1.3398	53.3461	4.0549	26.8996
15.0039	1.3228	53.1638	3.9730	26.8531
15.1394	1.3417	53.0296	4.0341	27.0140
15.0238	1.3253	53.3084	3.9780	26.8828
15.0637	1.3335	53.3324	4.0681	26.7048
15.2285	1.3521	52.7425	4.1090	27.3301
15.0297	1.3271	53.2521	3.9566	26.4402
15.4113	1.3761	51.9853	4.2323	28.3190
15.0048	1.3236	54.0036	3.8793	26.2583
15.2049	1.3491	52.8405	4.0380	26.8296
15.0030	1.3236	54.0530	3.9353	26.2535
15.1830	1.3480	52.8107	4.0219	27.3423
15.1393	1.3415	53.0857	4.0494	27.0948
15.1510	1.3435	52.7287	4.0324	27.2723
15.1013	1.3369	53.3348	4.0126	27.1173


IMEAN
==========================================
7.8998	0.7025	41.1198	0.5489	6.6234
7.9634	0.7074	42.2896	0.5495	6.6899
7.9031	0.6992	41.4128	0.5498	6.6518
7.8885	0.6939	41.3749	0.5461	6.6038
7.9117	0.7040	40.7376	0.5497	6.7747
7.9961	0.7081	41.9475	0.5530	6.7371
7.8972	0.6962	41.6675	0.5449	6.5501
7.9827	0.7074	41.7760	0.5495	6.6727
7.9648	0.7026	41.5691	0.5492	6.6002
7.8243	0.6926	41.4887	0.5465	6.5366
7.9401	0.7050	41.0399	0.5511	6.6111
7.9704	0.7038	41.8918	0.5476	6.7246
7.8892	0.7044	40.2786	0.5487	6.6623
7.9009	0.6969	41.9294	0.5486	6.6578
7.9898	0.7089	41.3577	0.5530	6.6461
7.8602	0.6935	42.0012	0.5511	6.6776
7.9244	0.7035	41.2150	0.5512	6.7651
7.8782	0.6981	41.1397	0.5489	6.7029
7.8617	0.6971	40.6583	0.5497	6.6999
7.9803	0.7065	41.5562	0.5517	6.7375


UPCC
==========================================
9.3901	0.8351	39.0342	1.6568	17.0644
9.4302	0.8377	40.1582	1.6564	17.3471
9.3779	0.8297	39.5584	1.6201	16.5788
9.1864	0.8081	39.5544	1.5957	16.4143
9.6234	0.8563	39.0063	1.8212	17.6135
9.4015	0.8326	40.2046	1.6289	16.8893
9.2922	0.8192	40.0605	1.5703	16.6442
9.4495	0.8374	40.1358	1.6086	17.0602
9.3359	0.8236	39.4379	1.5733	17.0219
9.2464	0.8185	39.4714	1.5732	16.8652
9.4651	0.8404	38.9590	1.6786	17.3825
9.4015	0.8302	40.1935	1.6095	16.9709
9.6417	0.8609	38.0659	1.8450	18.4858
9.1759	0.8094	39.9907	1.4570	16.0904
9.5391	0.8464	39.4257	1.6895	17.0319
9.1452	0.8068	40.1721	1.5410	15.8942
9.4406	0.8382	39.4738	1.6527	16.9955
9.2609	0.8206	39.3282	1.5866	16.8934
9.4112	0.8345	38.6902	1.6406	17.0687
9.4650	0.8379	39.6182	1.6285	17.1773


IPCC
==========================================
9.5376	0.8482	41.7279	0.7582	11.0600
9.7091	0.8624	42.6939	0.7765	11.4698
9.4541	0.8365	41.8363	0.7680	10.8690
9.4781	0.8337	42.1373	0.7709	11.0823
9.6937	0.8626	41.6003	0.7760	11.4579
9.6426	0.8540	42.3441	0.7755	11.3823
9.3093	0.8207	42.0556	0.7560	10.7344
9.6370	0.8541	42.4235	0.7636	11.2177
9.6190	0.8485	42.1184	0.7733	11.1581
9.4412	0.8358	41.9283	0.7660	11.0443
9.6781	0.8593	41.8786	0.7701	11.2085
9.4658	0.8358	42.3578	0.7553	10.9887
9.7921	0.8744	41.3241	0.7849	11.5342
9.3964	0.8289	42.0493	0.7667	11.2407
9.6807	0.8589	42.0450	0.7678	11.1249
9.2682	0.8177	42.1105	0.7679	11.0132
9.5416	0.8471	41.6665	0.7660	11.2207
9.4504	0.8374	41.6433	0.7653	11.0462
9.5244	0.8446	41.3753	0.7664	11.1138
9.5617	0.8465	41.8983	0.7711	11.2490


UIPCC
==========================================
9.1874	0.8170	40.0334	1.4020	15.0197
9.3038	0.8264	41.1233	1.4366	15.2908
9.1408	0.8087	40.3818	1.4051	14.7084
9.0809	0.7988	40.5008	1.3979	14.9027
9.3674	0.8335	39.8344	1.5144	15.6978
9.2596	0.8200	40.9619	1.4036	15.1751
9.0268	0.7958	40.7092	1.3670	14.6160
9.2756	0.8220	40.9312	1.3922	15.1322
9.2179	0.8132	40.4702	1.3788	15.1244
9.0782	0.8036	40.3947	1.3858	14.9252
9.2905	0.8249	40.0591	1.4425	15.2060
9.1575	0.8086	40.9955	1.3805	15.0826
9.4163	0.8408	39.2133	1.5421	16.0597
9.0316	0.7967	40.8015	1.3162	14.7168
9.3293	0.8278	40.3821	1.4264	15.0725
8.9487	0.7895	40.9250	1.3522	14.4708
9.2065	0.8174	40.1686	1.3908	15.3924
9.0896	0.8054	40.1315	1.3820	14.8527
9.1788	0.8139	39.6337	1.4233	15.1557
9.2325	0.8174	40.4425	1.4275	15.3777


