Metric: | MAE	| NMAE	| RMSE	| MRE	| NPRE	
==========================================
UMEAN
Avg:	1.3272	0.9640	2.5725	1.7843	10.4216
Std:	0.0027	0.0027	0.0045	0.0172	0.1009
==========================================
IMEAN
Avg:	1.0889	0.7909	2.1265	1.0276	6.7079
Std:	0.0022	0.0025	0.0040	0.0130	0.0681
==========================================
UPCC
Avg:	0.7875	0.5720	1.7012	0.5905	4.7154
Std:	0.0042	0.0026	0.0058	0.0100	0.1147
==========================================
IPCC
Avg:	0.8943	0.6495	1.7945	0.7543	5.3288
Std:	0.0026	0.0020	0.0045	0.0049	0.0511
==========================================
UIPCC
Avg:	0.7862	0.5710	1.6983	0.5890	4.7349
Std:	0.0035	0.0022	0.0056	0.0079	0.0877
==========================================


Detailed results for 20 rounds:
==========================================
UMEAN
==========================================
1.3306	0.9661	2.5768	1.8017	10.5191
1.3242	0.9644	2.5673	1.7840	10.4498
1.3262	0.9602	2.5746	1.7647	10.3291
1.3266	0.9656	2.5633	1.7977	10.4896
1.3262	0.9601	2.5792	1.7708	10.3921
1.3234	0.9624	2.5677	1.7882	10.4141
1.3230	0.9607	2.5672	1.7764	10.3694
1.3246	0.9622	2.5768	1.7787	10.3067
1.3285	0.9658	2.5725	1.7860	10.4959
1.3222	0.9582	2.5792	1.7399	10.1467
1.3325	0.9691	2.5675	1.8181	10.6386
1.3294	0.9647	2.5705	1.7979	10.4693
1.3269	0.9621	2.5795	1.7667	10.3918
1.3265	0.9641	2.5743	1.7705	10.4080
1.3306	0.9678	2.5698	1.8124	10.5486
1.3290	0.9665	2.5723	1.7790	10.4945
1.3272	0.9641	2.5748	1.7826	10.3550
1.3299	0.9649	2.5699	1.7899	10.4630
1.3287	0.9650	2.5755	1.7857	10.3743
1.3286	0.9650	2.5707	1.7953	10.3763


IMEAN
==========================================
1.0908	0.7920	2.1377	1.0346	6.6708
1.0924	0.7956	2.1266	1.0421	6.7788
1.0868	0.7868	2.1303	1.0211	6.5873
1.0859	0.7904	2.1265	1.0151	6.6706
1.0850	0.7855	2.1311	1.0059	6.5813
1.0887	0.7917	2.1245	1.0356	6.6895
1.0903	0.7918	2.1276	1.0227	6.7857
1.0891	0.7912	2.1264	1.0411	6.7945
1.0889	0.7916	2.1189	1.0429	6.7931
1.0886	0.7888	2.1270	1.0177	6.7193
1.0897	0.7925	2.1296	1.0283	6.7425
1.0852	0.7875	2.1248	1.0102	6.6568
1.0857	0.7872	2.1251	1.0131	6.7190
1.0893	0.7917	2.1249	1.0171	6.7575
1.0901	0.7929	2.1223	1.0399	6.7539
1.0888	0.7918	2.1234	1.0458	6.6050
1.0922	0.7934	2.1255	1.0410	6.7895
1.0890	0.7901	2.1287	1.0173	6.6654
1.0928	0.7937	2.1202	1.0454	6.7503
1.0890	0.7910	2.1278	1.0156	6.6477


UPCC
==========================================
0.7861	0.5708	1.7118	0.5839	4.6025
0.7866	0.5729	1.7029	0.5905	4.7035
0.7893	0.5714	1.7076	0.5870	4.7926
0.7814	0.5688	1.7021	0.5804	4.5848
0.7911	0.5727	1.7104	0.5959	4.8132
0.7820	0.5687	1.6985	0.5664	4.5764
0.7883	0.5724	1.6983	0.6013	4.7316
0.7825	0.5684	1.7031	0.5851	4.5245
0.7840	0.5700	1.6903	0.5852	4.7313
0.7931	0.5747	1.7019	0.5990	4.8149
0.7892	0.5739	1.7142	0.5949	4.7235
0.7873	0.5714	1.6999	0.5853	4.6919
0.7907	0.5734	1.6997	0.6000	4.7948
0.7871	0.5721	1.6977	0.5925	4.7844
0.7810	0.5681	1.6919	0.5757	4.5367
0.7905	0.5749	1.6984	0.6055	4.8288
0.7871	0.5718	1.6990	0.5975	4.7940
0.7941	0.5761	1.6980	0.6027	4.7932
0.7956	0.5778	1.6997	0.6006	4.9440
0.7832	0.5689	1.6991	0.5810	4.5414


IPCC
==========================================
0.8927	0.6482	1.8025	0.7544	5.2763
0.8964	0.6529	1.7998	0.7592	5.3472
0.8965	0.6491	1.8014	0.7473	5.2975
0.8887	0.6469	1.7939	0.7486	5.2395
0.8918	0.6457	1.7995	0.7489	5.2496
0.8954	0.6512	1.7942	0.7508	5.3735
0.8947	0.6497	1.7914	0.7545	5.3510
0.8938	0.6493	1.7992	0.7568	5.3209
0.8975	0.6525	1.7870	0.7587	5.4323
0.8956	0.6490	1.7964	0.7536	5.3425
0.8921	0.6488	1.7977	0.7529	5.3006
0.8927	0.6478	1.7925	0.7424	5.3250
0.8935	0.6479	1.7926	0.7520	5.3750
0.8919	0.6482	1.7913	0.7535	5.3238
0.8941	0.6503	1.7906	0.7594	5.3762
0.8898	0.6471	1.7852	0.7599	5.2362
0.8972	0.6518	1.7956	0.7622	5.3565
0.8976	0.6512	1.7964	0.7531	5.3562
0.8987	0.6527	1.7916	0.7602	5.3944
0.8942	0.6495	1.7912	0.7570	5.3013


UIPCC
==========================================
0.7849	0.5699	1.7091	0.5838	4.6286
0.7860	0.5724	1.7010	0.5917	4.7449
0.7875	0.5701	1.7041	0.5826	4.7761
0.7805	0.5681	1.6991	0.5815	4.6068
0.7889	0.5711	1.7076	0.5894	4.7915
0.7823	0.5689	1.6960	0.5689	4.6536
0.7867	0.5713	1.6947	0.5978	4.7431
0.7825	0.5684	1.7010	0.5886	4.5895
0.7840	0.5699	1.6873	0.5884	4.7701
0.7910	0.5732	1.6994	0.5946	4.8394
0.7872	0.5725	1.7093	0.5919	4.7415
0.7855	0.5700	1.6964	0.5828	4.6950
0.7889	0.5720	1.6971	0.5970	4.8165
0.7851	0.5706	1.6942	0.5896	4.7991
0.7809	0.5680	1.6897	0.5787	4.6171
0.7875	0.5728	1.6945	0.5999	4.7947
0.7863	0.5712	1.6963	0.5958	4.7959
0.7924	0.5749	1.6961	0.5984	4.7947
0.7934	0.5763	1.6961	0.5981	4.8971
0.7829	0.5687	1.6963	0.5811	4.6020


