Metric: | MAE	| NMAE	| RMSE	| MRE	| NPRE	
==========================================
UMEAN
Avg:	14.6632	1.3344	52.9733	4.1549	28.1838
Std:	0.0412	0.0083	2.0115	0.0300	0.2759
==========================================
IMEAN
Avg:	7.3791	0.6715	40.4510	0.5377	6.3673
Std:	0.0581	0.0038	2.1336	0.0019	0.0524
==========================================
UPCC
Avg:	7.4180	0.6751	33.1821	1.1296	17.4146
Std:	0.0770	0.0102	2.3166	0.0495	0.2874
==========================================
IPCC
Avg:	7.2540	0.6601	35.9084	0.5783	7.8595
Std:	0.0821	0.0058	2.3326	0.0058	0.1011
==========================================
UIPCC
Avg:	6.9079	0.6286	33.5985	0.9821	13.3703
Std:	0.0646	0.0061	2.4625	0.0304	0.1712
==========================================


Detailed results for 20 rounds:
==========================================
UMEAN
==========================================
14.6373	1.3356	53.7928	4.1440	28.0525
14.6680	1.3358	54.6428	4.1559	28.3327
14.6619	1.3354	54.8578	4.1771	28.3153
14.6717	1.3247	55.2702	4.1157	28.1132
14.7696	1.3182	55.3736	4.1360	28.1340
14.7116	1.3221	55.4184	4.1007	28.0141
14.6095	1.3468	50.8025	4.1719	28.3933
14.6522	1.3397	51.2927	4.1708	28.5068
14.6867	1.3385	51.4695	4.1749	28.4134
14.6831	1.3283	52.3568	4.1173	27.7367
14.7204	1.3289	54.4567	4.1382	27.7350
14.6490	1.3318	51.5803	4.1627	27.9415
14.6734	1.3224	52.8022	4.1106	27.9683
14.6141	1.3490	48.6614	4.2025	28.5288
14.6452	1.3354	49.5763	4.1262	28.5072
14.6995	1.3311	55.2842	4.1531	27.6444
14.6230	1.3428	52.3050	4.1659	28.6269
14.6204	1.3441	51.0958	4.1714	28.2731
14.5965	1.3429	54.3364	4.2047	28.2194
14.6711	1.3342	54.0912	4.1989	28.2195


IMEAN
==========================================
7.3902	0.6743	41.3451	0.5358	6.2911
7.3304	0.6676	42.2717	0.5361	6.2958
7.3593	0.6703	42.3984	0.5388	6.3589
7.4490	0.6726	42.7506	0.5389	6.3565
7.4046	0.6609	42.2857	0.5384	6.3414
7.4518	0.6697	43.0758	0.5414	6.3237
7.3606	0.6786	38.7585	0.5382	6.4462
7.3260	0.6698	38.6336	0.5406	6.3887
7.3462	0.6695	38.8715	0.5388	6.3588
7.3897	0.6685	39.8948	0.5337	6.2934
7.4611	0.6736	42.1451	0.5388	6.3393
7.4213	0.6747	38.7670	0.5363	6.3423
7.4632	0.6726	40.2703	0.5362	6.4045
7.2609	0.6702	35.6691	0.5382	6.3181
7.3786	0.6728	36.7320	0.5389	6.3361
7.4394	0.6737	42.7475	0.5391	6.4604
7.3343	0.6735	39.7438	0.5350	6.4088
7.2603	0.6675	38.3459	0.5358	6.4150
7.3691	0.6780	42.4404	0.5364	6.4085
7.3856	0.6717	41.8723	0.5389	6.4588


UPCC
==========================================
7.4368	0.6786	34.6615	1.1097	17.4194
7.2591	0.6611	34.7250	1.0462	16.9835
7.5185	0.6848	35.2990	1.1624	17.8158
7.4512	0.6728	36.4325	1.1265	17.4099
7.3332	0.6545	34.4344	1.1386	17.2693
7.2987	0.6559	35.9635	1.0094	16.9475
7.5010	0.6915	31.6265	1.1118	17.7208
7.4107	0.6776	31.0297	1.1745	17.4078
7.4336	0.6775	31.7610	1.0849	17.4552
7.4237	0.6716	32.6616	1.1382	17.3917
7.3135	0.6602	34.5182	1.0702	17.0741
7.4426	0.6766	31.1169	1.1395	16.8122
7.5295	0.6786	32.7547	1.1881	17.7009
7.4456	0.6873	28.5117	1.1698	17.8054
7.3465	0.6699	28.6684	1.1159	17.2827
7.4670	0.6762	35.8248	1.1551	17.4767
7.4881	0.6876	33.4800	1.2232	17.7210
7.3253	0.6734	30.3998	1.1150	17.7459
7.4326	0.6838	35.0060	1.1262	17.3013
7.5026	0.6823	34.7662	1.1861	17.5504


IPCC
==========================================
7.3409	0.6698	37.2317	0.5851	7.7461
7.2181	0.6573	38.0582	0.5836	7.8245
7.3794	0.6721	38.5472	0.5871	8.0175
7.2938	0.6586	38.3936	0.5792	7.8811
7.2996	0.6515	38.0008	0.5785	7.8792
7.3040	0.6564	39.4814	0.5719	7.7344
7.1877	0.6626	34.1909	0.5817	7.8275
7.1230	0.6513	33.8533	0.5761	7.9029
7.2706	0.6626	33.8530	0.5866	8.0011
7.2632	0.6571	34.4837	0.5778	7.8733
7.2116	0.6510	37.2674	0.5703	7.6282
7.3184	0.6653	34.0275	0.5774	7.8448
7.3780	0.6649	35.4077	0.5831	8.0772
7.1411	0.6592	31.6092	0.5774	7.7588
7.3045	0.6661	31.9094	0.5842	7.9160
7.3338	0.6641	38.5716	0.5768	7.9079
7.1766	0.6590	35.1329	0.5709	7.8204
7.1075	0.6534	33.4162	0.5672	7.8139
7.1487	0.6577	37.8542	0.5694	7.8169
7.2801	0.6621	36.8774	0.5820	7.9181


UIPCC
==========================================
6.9832	0.6372	35.0926	0.9846	13.2942
6.8218	0.6212	35.7035	0.9457	13.1748
7.0105	0.6385	36.1039	1.0315	13.6279
6.9515	0.6276	36.5454	0.9653	13.3050
6.9088	0.6166	35.5446	0.9758	13.3109
6.8986	0.6199	36.9704	0.9041	13.1315
6.8851	0.6347	31.8348	0.9785	13.6398
6.8400	0.6254	31.5408	0.9923	13.4775
6.9212	0.6308	31.6544	0.9926	13.4847
6.9069	0.6248	32.4350	1.0032	13.3235
6.8460	0.6180	35.0992	0.9225	12.9631
6.9655	0.6333	31.6485	0.9708	13.1663
7.0253	0.6331	33.0056	1.0116	13.5775
6.8442	0.6318	28.7190	1.0101	13.4705
6.8999	0.6292	29.1663	1.0009	13.3715
6.9814	0.6322	36.4354	0.9847	13.2951
6.8814	0.6319	33.0594	1.0140	13.4995
6.7734	0.6227	30.8218	0.9712	13.4856
6.8659	0.6317	35.7151	0.9741	13.3220
6.9468	0.6317	34.8743	1.0085	13.4857


