Metric: | MAE	| NMAE	| RMSE	| MRE	| NPRE	
==========================================
UMEAN
Avg:	15.0807	1.3309	54.2010	4.0849	26.9180
Std:	0.0411	0.0074	1.6219	0.0365	0.2466
==========================================
IMEAN
Avg:	7.5512	0.6664	41.4313	0.5447	6.8539
Std:	0.0604	0.0026	1.6921	0.0014	0.0453
==========================================
UPCC
Avg:	7.5228	0.6639	34.2344	1.1340	16.9257
Std:	0.0792	0.0078	1.8567	0.0501	0.2339
==========================================
IPCC
Avg:	7.3335	0.6472	36.1033	0.5703	7.9593
Std:	0.1001	0.0067	2.1574	0.0051	0.0801
==========================================
UIPCC
Avg:	6.9589	0.6141	33.8950	0.9660	12.9650
Std:	0.0787	0.0056	2.2042	0.0239	0.1197
==========================================


Detailed results for 20 rounds:
==========================================
UMEAN
==========================================
15.0365	1.3350	54.3044	4.0752	26.4673
15.0614	1.3370	54.4551	4.1246	26.9719
15.0602	1.3328	50.5683	4.0507	27.2505
15.1110	1.3221	54.3173	4.0627	27.0184
15.1338	1.3271	54.7839	4.0411	26.8220
15.0956	1.3221	55.5459	4.0473	26.6113
15.1032	1.3301	52.6243	4.0798	26.6527
15.0822	1.3336	54.1444	4.0668	27.1821
15.1346	1.3273	51.9645	4.0382	26.7972
15.0765	1.3296	54.9950	4.0931	27.0641
15.0549	1.3370	52.9742	4.1021	27.0658
15.1080	1.3218	54.4598	4.0555	26.5350
15.0505	1.3324	53.5377	4.1067	26.8501
15.0772	1.3385	53.3321	4.1465	27.2169
15.0003	1.3438	52.5491	4.1473	27.4171
15.0105	1.3406	54.0553	4.1147	26.7523
15.1141	1.3306	55.9625	4.0741	26.7441
15.0664	1.3323	56.2363	4.1067	27.0485
15.1723	1.3113	58.1431	4.0252	27.0519
15.0646	1.3338	55.0675	4.1400	26.8414


IMEAN
==========================================
7.5352	0.6690	42.2707	0.5440	6.9018
7.5247	0.6680	41.8846	0.5451	6.8016
7.5142	0.6650	37.6266	0.5425	6.8580
7.6339	0.6679	41.3270	0.5447	6.8048
7.6046	0.6669	41.3697	0.5453	6.8624
7.5837	0.6642	42.7571	0.5448	6.8149
7.5803	0.6676	40.0455	0.5455	6.8321
7.5819	0.6704	41.4630	0.5445	6.8438
7.5320	0.6606	38.5863	0.5415	6.7919
7.5386	0.6648	42.4794	0.5425	6.7915
7.4992	0.6660	40.1224	0.5468	6.8455
7.6494	0.6692	41.6409	0.5434	6.8558
7.5569	0.6690	40.6731	0.5449	6.8451
7.5217	0.6678	40.2777	0.5463	6.9099
7.4345	0.6660	39.7758	0.5453	6.9111
7.4407	0.6645	41.8265	0.5434	6.8018
7.5323	0.6631	43.3333	0.5463	6.8783
7.5850	0.6707	43.8067	0.5455	6.9091
7.6721	0.6631	44.9171	0.5459	6.8607
7.5033	0.6643	42.4418	0.5453	6.9570


UPCC
==========================================
7.6430	0.6786	35.8166	1.1997	16.8473
7.5325	0.6687	34.5227	1.0561	17.1676
7.5904	0.6717	30.0713	1.2332	17.1992
7.6067	0.6655	34.3762	1.1516	16.7058
7.5370	0.6609	33.8490	1.1613	16.7551
7.5891	0.6647	36.1569	1.1221	17.1860
7.6040	0.6697	32.5534	1.1765	17.1050
7.6682	0.6780	34.2971	1.2066	17.2421
7.5316	0.6605	31.3738	1.1320	16.7091
7.4483	0.6569	35.0352	1.1358	16.8198
7.4143	0.6585	32.6894	1.0642	16.8920
7.5559	0.6611	34.2359	1.1353	16.6639
7.4940	0.6634	33.1552	1.0889	17.1446
7.4974	0.6656	32.9667	1.1363	17.1018
7.4439	0.6669	32.3708	1.1508	17.3285
7.3977	0.6607	34.9843	1.1125	16.5432
7.5587	0.6654	36.9436	1.1560	16.5644
7.5146	0.6645	36.8381	1.1419	16.9362
7.4270	0.6419	37.2902	1.0239	16.7971
7.4020	0.6554	35.1615	1.0963	16.8049


IPCC
==========================================
7.3092	0.6489	38.2562	0.5715	7.9220
7.2422	0.6429	35.1192	0.5655	7.7429
7.2254	0.6394	32.0271	0.5646	7.9592
7.5885	0.6639	36.3105	0.5820	8.0944
7.3663	0.6460	35.7124	0.5672	7.9890
7.4540	0.6528	38.6559	0.5775	8.0364
7.3740	0.6494	34.2676	0.5732	8.0237
7.4494	0.6587	36.5497	0.5749	8.0379
7.3341	0.6432	33.0607	0.5685	7.9277
7.2362	0.6382	36.9538	0.5611	7.8997
7.2219	0.6414	33.5320	0.5660	7.9126
7.5126	0.6573	36.5643	0.5698	8.0640
7.2659	0.6432	34.7701	0.5717	7.9221
7.3043	0.6485	34.4712	0.5748	7.9834
7.2751	0.6517	33.6913	0.5675	8.0290
7.2437	0.6469	37.9169	0.5703	7.8250
7.3246	0.6448	37.5641	0.5737	7.9858
7.2765	0.6435	39.1108	0.5621	7.9360
7.4030	0.6398	40.3272	0.5690	7.9645
7.2629	0.6431	37.2045	0.5744	7.9305


UIPCC
==========================================
6.9620	0.6181	35.8781	0.9927	12.9483
6.9278	0.6150	33.5156	0.9387	12.9513
6.9128	0.6118	29.3417	1.0077	13.1023
7.1431	0.6250	34.0449	0.9857	12.9951
6.9884	0.6128	33.6139	0.9685	12.9147
7.0337	0.6160	36.2273	0.9818	13.0250
7.0258	0.6188	31.9464	0.9882	13.0099
7.0793	0.6260	34.1526	1.0093	13.2241
6.9479	0.6093	30.5278	0.9724	12.8375
6.8819	0.6069	34.9224	0.9424	12.8964
6.8639	0.6096	31.7285	0.9350	12.8588
7.0918	0.6205	34.2157	0.9649	12.8774
6.9005	0.6109	32.5350	0.9524	13.0355
6.9255	0.6148	32.2451	0.9689	13.0227
6.8889	0.6171	31.4797	0.9792	13.1828
6.8610	0.6128	35.3564	0.9503	12.7024
6.9738	0.6139	35.9911	0.9661	12.8126
6.9302	0.6128	37.0743	0.9460	12.9360
6.9720	0.6026	38.0699	0.9160	13.0136
6.8677	0.6081	35.0339	0.9540	12.9534


