Metric: | MAE	| NMAE	| RMSE	| MRE	| NPRE	
==========================================
UMEAN
Avg:	14.7628	1.3320	52.0178	3.9876	24.4078
Std:	0.0903	0.0057	2.4559	0.0180	0.2139
==========================================
IMEAN
Avg:	7.4492	0.6721	39.3945	0.5449	6.8633
Std:	0.0896	0.0058	2.7147	0.0020	0.1005
==========================================
UPCC
Avg:	7.0506	0.6362	30.8509	0.9855	15.2441
Std:	0.0941	0.0086	2.8356	0.0362	0.1527
==========================================
IPCC
Avg:	6.8077	0.6142	32.4260	0.5448	7.3682
Std:	0.0882	0.0068	2.2893	0.0058	0.1062
==========================================
UIPCC
Avg:	6.4269	0.5799	29.8989	0.8714	11.4202
Std:	0.0816	0.0064	2.5988	0.0238	0.1039
==========================================


Detailed results for 20 rounds:
==========================================
UMEAN
==========================================
14.7881	1.3294	54.1095	3.9857	24.4113
14.7419	1.3364	49.8623	4.0056	24.4851
14.7212	1.3343	50.1563	3.9717	24.1186
14.6121	1.3354	49.9356	4.0044	24.4723
14.8010	1.3273	52.1954	3.9980	24.4226
14.5873	1.3434	50.7156	4.0066	23.9833
14.6798	1.3343	49.8979	4.0003	24.7002
14.7395	1.3294	51.1671	3.9483	24.1629
14.7075	1.3404	49.2693	4.0022	24.3422
14.8117	1.3247	50.7074	3.9621	24.7124
14.8603	1.3258	53.5500	3.9711	24.3454
14.6743	1.3390	49.3412	4.0049	24.3684
14.7807	1.3331	57.6271	3.9869	24.3392
14.7329	1.3310	51.9959	3.9967	24.3380
14.7777	1.3339	54.8520	3.9967	24.3747
14.9034	1.3231	56.1431	3.9721	24.4043
14.9001	1.3257	54.2458	3.9589	24.3490
14.9366	1.3231	54.2234	4.0095	24.2576
14.7022	1.3370	48.6022	3.9737	24.9745
14.7973	1.3333	51.7599	3.9975	24.5946


IMEAN
==========================================
7.5261	0.6766	42.4488	0.5420	6.9014
7.4312	0.6737	37.3315	0.5437	6.7236
7.4782	0.6778	37.9889	0.5427	6.8535
7.3073	0.6678	37.4853	0.5462	6.9540
7.4166	0.6651	39.1422	0.5466	6.7048
7.3133	0.6735	38.8318	0.5442	6.8164
7.4378	0.6760	37.2378	0.5458	7.0363
7.3964	0.6671	38.7955	0.5446	6.9757
7.4575	0.6797	36.2583	0.5469	6.8138
7.4812	0.6691	37.4364	0.5441	7.0562
7.5403	0.6727	40.5180	0.5433	6.9557
7.3329	0.6691	36.3340	0.5489	6.8505
7.6095	0.6863	45.9591	0.5464	6.8258
7.3739	0.6662	39.3776	0.5413	6.7385
7.4409	0.6716	42.7954	0.5451	6.7112
7.5922	0.6740	44.1667	0.5483	6.7764
7.6127	0.6773	41.1502	0.5443	6.8625
7.4470	0.6597	40.2937	0.5442	6.9274
7.3538	0.6688	35.2629	0.5460	6.9162
7.4351	0.6699	39.0756	0.5429	6.8665


UPCC
==========================================
7.1271	0.6407	34.3119	0.9978	15.2480
7.0265	0.6370	28.7237	0.9720	15.2165
7.2626	0.6583	29.8994	1.0930	15.5536
7.0294	0.6424	29.5991	1.0318	15.2545
6.8781	0.6168	30.3999	0.9228	15.1188
6.8867	0.6342	30.2184	0.9884	14.9537
6.9631	0.6329	28.7320	0.9567	15.3055
7.0377	0.6347	31.0594	0.9510	15.1404
7.0443	0.6420	27.3142	0.9649	15.1538
7.0292	0.6287	27.7023	0.9618	15.3105
7.2024	0.6426	31.8693	0.9660	15.5095
6.9197	0.6314	27.2507	1.0080	15.3457
7.1030	0.6406	37.1281	0.9764	15.0503
7.0802	0.6396	31.4223	0.9964	15.2762
7.0994	0.6408	34.5468	1.0340	15.1363
7.0356	0.6246	36.1953	0.9587	15.1207
7.1172	0.6332	32.3684	1.0018	15.1313
7.0964	0.6286	31.3960	0.9895	15.3314
7.0953	0.6452	27.0074	0.9800	15.5178
6.9773	0.6287	29.8744	0.9580	15.2084


IPCC
==========================================
6.8081	0.6120	34.8847	0.5402	7.3518
6.8399	0.6201	30.4666	0.5502	7.3326
6.9191	0.6271	33.5682	0.5367	7.1836
6.6620	0.6089	29.4139	0.5483	7.3427
6.7619	0.6064	32.6154	0.5341	7.3899
6.7053	0.6175	30.5308	0.5508	7.4547
6.7287	0.6116	32.3433	0.5397	7.4134
6.7967	0.6130	31.7148	0.5431	7.3992
6.8563	0.6249	30.1039	0.5506	7.3684
6.8394	0.6117	31.1640	0.5512	7.5615
6.8752	0.6134	32.9228	0.5493	7.3790
6.6876	0.6102	29.0409	0.5414	7.3699
6.9045	0.6227	37.8091	0.5553	7.3540
6.6805	0.6035	31.3777	0.5428	7.3060
6.8642	0.6196	35.4614	0.5470	7.4505
6.9278	0.6151	36.5162	0.5490	7.2300
6.8604	0.6104	32.0769	0.5382	7.3113
6.9230	0.6132	34.0432	0.5474	7.5971
6.8446	0.6225	31.4722	0.5448	7.4266
6.6695	0.6010	30.9929	0.5365	7.1409


UIPCC
==========================================
6.4559	0.5804	32.7288	0.8896	11.3826
6.4385	0.5837	27.6444	0.8824	11.3656
6.5586	0.5944	29.9794	0.9222	11.5282
6.3235	0.5779	27.3547	0.9044	11.3934
6.3386	0.5684	30.0220	0.8135	11.3819
6.3147	0.5815	28.6189	0.8641	11.3648
6.3446	0.5767	29.2320	0.8392	11.5840
6.3989	0.5771	29.3428	0.8422	11.3675
6.4395	0.5869	26.5809	0.8695	11.3084
6.4319	0.5752	27.8769	0.8619	11.5042
6.5358	0.5831	30.6957	0.8704	11.5408
6.3131	0.5761	26.4370	0.8767	11.3711
6.5275	0.5887	36.2561	0.8631	11.2795
6.3542	0.5740	29.1692	0.8712	11.4510
6.4776	0.5847	33.3512	0.8993	11.4465
6.5093	0.5779	34.8549	0.8629	11.2110
6.5007	0.5784	30.3374	0.8761	11.3887
6.5080	0.5765	31.1106	0.8823	11.5404
6.4567	0.5872	27.7099	0.8866	11.6317
6.3103	0.5686	28.6756	0.8500	11.3633


