Metric: | MAE	| NMAE	| RMSE	| MRE	| NPRE	
==========================================
UMEAN
Avg:	14.8114	1.3310	52.5158	3.9559	24.4388
Std:	0.0391	0.0105	1.0898	0.0516	0.3314
==========================================
IMEAN
Avg:	7.5940	0.6824	40.2169	0.5465	6.8107
Std:	0.0320	0.0043	1.1672	0.0019	0.0526
==========================================
UPCC
Avg:	8.2303	0.7396	35.7624	1.3370	15.5683
Std:	0.1075	0.0124	1.3323	0.0767	0.3014
==========================================
IPCC
Avg:	8.5075	0.7645	39.4592	0.6852	9.6496
Std:	0.1124	0.0098	1.2860	0.0069	0.1595
==========================================
UIPCC
Avg:	8.0434	0.7228	37.0943	1.1832	12.9272
Std:	0.0760	0.0080	1.3646	0.0397	0.1644
==========================================


Detailed results for 20 rounds:
==========================================
UMEAN
==========================================
14.8414	1.3386	53.0700	3.9689	24.6533
14.8206	1.3326	51.1548	3.9478	24.6720
14.8660	1.3455	51.6280	4.0360	24.5898
14.8258	1.3376	52.1768	3.9809	24.5639
14.8594	1.3428	51.5638	4.0860	25.0803
14.8153	1.3290	52.7684	3.9573	24.2674
14.8095	1.3292	50.0641	3.9143	24.5520
14.7861	1.3266	53.0234	3.8726	23.8910
14.8014	1.3281	52.7587	3.9458	23.8601
14.7729	1.3214	52.6230	3.9183	24.3186
14.7730	1.3216	53.0840	3.9268	24.3343
14.8560	1.3470	52.2641	4.0070	24.6608
14.7971	1.3246	54.3972	3.9055	24.2588
14.7740	1.3225	53.6614	3.9421	24.2239
14.7564	1.3165	53.6271	3.8868	23.9527
14.8547	1.3395	52.4723	4.0167	24.7771
14.7758	1.3221	53.5299	3.9358	24.3269
14.7390	1.3101	53.9631	3.9071	24.1265
14.8839	1.3500	50.7226	3.9851	24.9816
14.8197	1.3343	51.7636	3.9776	24.6857


IMEAN
==========================================
7.6427	0.6893	41.6257	0.5461	6.8613
7.5735	0.6810	38.8345	0.5450	6.6731
7.5750	0.6856	39.7371	0.5445	6.8194
7.5554	0.6817	39.7098	0.5470	6.8683
7.5881	0.6857	39.4585	0.5472	6.7425
7.5828	0.6802	40.3466	0.5458	6.7688
7.6449	0.6861	37.4106	0.5455	6.8073
7.6041	0.6822	40.6249	0.5491	6.8593
7.5318	0.6758	40.3177	0.5496	6.7750
7.6362	0.6830	40.6073	0.5491	6.8785
7.5733	0.6775	40.6709	0.5421	6.8334
7.5791	0.6872	40.0564	0.5457	6.8471
7.6383	0.6837	42.0743	0.5464	6.8250
7.5791	0.6785	41.2861	0.5460	6.7833
7.5745	0.6758	41.1200	0.5481	6.7888
7.6005	0.6854	40.3596	0.5456	6.8131
7.6514	0.6846	41.3975	0.5485	6.7661
7.5739	0.6732	41.4594	0.5470	6.8568
7.5763	0.6872	38.1884	0.5437	6.7596
7.5999	0.6843	39.0538	0.5489	6.8866


UPCC
==========================================
8.3172	0.7501	37.3643	1.3764	15.3751
8.3776	0.7532	34.3929	1.4068	15.5184
8.1612	0.7386	35.0285	1.3156	15.6161
8.3303	0.7516	35.2702	1.4689	15.6123
8.1673	0.7381	35.4549	1.2645	15.8638
8.2379	0.7390	36.0094	1.3783	15.6292
8.1771	0.7339	32.4917	1.2324	15.4351
8.2152	0.7371	35.9063	1.3190	15.1579
8.2231	0.7378	35.7877	1.3766	15.4481
8.2481	0.7378	36.6272	1.2756	15.3209
8.0421	0.7195	35.4802	1.1942	15.2454
8.2729	0.7501	35.2643	1.4248	16.0838
8.2478	0.7383	38.0178	1.3114	15.3391
8.1796	0.7322	37.2896	1.2673	15.3359
8.1063	0.7232	36.3788	1.3266	15.0752
8.2922	0.7478	36.6105	1.3911	15.8061
8.2384	0.7371	37.0622	1.3197	15.8491
8.0815	0.7183	36.9485	1.3020	15.5596
8.5347	0.7741	33.9920	1.5067	16.2773
8.1552	0.7343	33.8713	1.2826	15.8178


IPCC
==========================================
8.4673	0.7637	40.8162	0.6814	9.5304
8.3029	0.7465	37.7061	0.6694	9.2816
8.3791	0.7584	39.0918	0.6717	9.3932
8.4068	0.7585	39.2612	0.6841	9.6006
8.5185	0.7698	38.5659	0.6858	9.6739
8.5185	0.7642	39.8835	0.6931	9.6994
8.6254	0.7741	37.0671	0.6796	9.6349
8.5038	0.7629	39.7031	0.6922	9.8101
8.3267	0.7472	39.4351	0.6879	9.5055
8.5741	0.7669	39.9512	0.6832	9.6058
8.2953	0.7421	39.8320	0.6801	9.4734
8.5017	0.7709	39.3769	0.6809	9.5618
8.6904	0.7779	41.5565	0.6983	9.8362
8.5767	0.7678	40.7330	0.6941	9.8201
8.5331	0.7613	40.1206	0.6873	9.8635
8.6378	0.7789	39.4229	0.6850	9.7333
8.6272	0.7719	40.8301	0.6875	9.6738
8.6154	0.7658	40.9676	0.6839	9.9329
8.4812	0.7692	36.4316	0.6858	9.7075
8.5671	0.7713	38.4317	0.6919	9.6548


UIPCC
==========================================
8.0704	0.7279	38.6830	1.1872	12.7696
7.9972	0.7190	35.5482	1.1944	12.7371
7.9346	0.7181	36.5834	1.1571	12.7553
8.0322	0.7247	36.7485	1.2488	12.9336
8.0142	0.7242	36.2783	1.1584	13.1083
8.0599	0.7230	37.4792	1.2045	13.0041
8.0954	0.7266	34.0490	1.1179	12.8024
8.0275	0.7202	37.3690	1.1866	12.8948
7.9349	0.7120	37.1901	1.1968	12.7470
8.0885	0.7235	37.7244	1.1529	12.8521
7.8426	0.7016	37.3367	1.1140	12.6106
8.0477	0.7297	36.8476	1.2082	13.1252
8.1677	0.7311	39.4118	1.1962	12.8219
8.0568	0.7212	38.4678	1.1656	12.9261
8.0016	0.7139	37.8090	1.1681	12.8559
8.1402	0.7341	37.3038	1.2085	13.0996
8.1196	0.7265	38.4947	1.1708	13.0471
8.0529	0.7158	38.5463	1.1657	13.1176
8.1417	0.7385	34.4298	1.2952	13.2166
8.0416	0.7240	35.5847	1.1680	13.1197


