Metric: | MAE	| NMAE	| RMSE	| MRE	| NPRE	
==========================================
UMEAN
Avg:	1.1847	0.8991	2.3320	1.4922	9.1315
Std:	0.0018	0.0030	0.0049	0.0166	0.0747
==========================================
IMEAN
Avg:	1.1515	0.8740	2.2310	1.2239	7.3205
Std:	0.0029	0.0037	0.0048	0.0160	0.0774
==========================================
UPCC
Avg:	0.7565	0.5742	1.6941	0.5292	4.0754
Std:	0.0031	0.0025	0.0055	0.0075	0.0836
==========================================
IPCC
Avg:	0.8950	0.6792	1.8248	0.7507	5.5269
Std:	0.0055	0.0048	0.0069	0.0055	0.0976
==========================================
UIPCC
Avg:	0.7602	0.5770	1.6951	0.5373	4.2512
Std:	0.0029	0.0025	0.0056	0.0065	0.0634
==========================================


Detailed results for 20 rounds:
==========================================
UMEAN
==========================================
1.1870	0.9005	2.3313	1.4938	9.1447
1.1821	0.8938	2.3426	1.4582	8.9781
1.1841	0.8965	2.3370	1.4733	9.0739
1.1848	0.8997	2.3266	1.4984	9.1487
1.1834	0.8953	2.3349	1.4862	9.1432
1.1874	0.9047	2.3235	1.5268	9.2959
1.1821	0.8986	2.3271	1.4871	9.0686
1.1869	0.9035	2.3308	1.5090	9.1316
1.1857	0.9033	2.3270	1.5126	9.1725
1.1837	0.8969	2.3334	1.4952	9.0962
1.1837	0.8971	2.3391	1.4890	9.0968
1.1838	0.8968	2.3300	1.4864	9.0761
1.1882	0.9029	2.3301	1.5151	9.2152
1.1834	0.8970	2.3355	1.4854	9.0745
1.1867	0.9013	2.3307	1.5007	9.1615
1.1853	0.9011	2.3345	1.4919	9.1713
1.1836	0.8977	2.3347	1.4697	9.1133
1.1827	0.8962	2.3352	1.4743	9.0474
1.1830	0.8976	2.3333	1.4801	9.1288
1.1861	0.9023	2.3225	1.5106	9.2918


IMEAN
==========================================
1.1470	0.8701	2.2308	1.2047	7.2413
1.1510	0.8703	2.2357	1.2123	7.3054
1.1497	0.8704	2.2292	1.2187	7.2320
1.1515	0.8745	2.2232	1.2278	7.2890
1.1494	0.8696	2.2375	1.2100	7.3388
1.1519	0.8776	2.2279	1.2397	7.4153
1.1561	0.8789	2.2244	1.2407	7.2970
1.1553	0.8795	2.2272	1.2340	7.4522
1.1557	0.8805	2.2330	1.2493	7.4299
1.1475	0.8694	2.2419	1.2075	7.2414
1.1540	0.8746	2.2358	1.2385	7.3804
1.1456	0.8678	2.2350	1.1947	7.1372
1.1542	0.8771	2.2355	1.2162	7.3146
1.1492	0.8711	2.2311	1.2074	7.2232
1.1514	0.8745	2.2282	1.2111	7.4035
1.1532	0.8767	2.2283	1.2473	7.3893
1.1491	0.8716	2.2255	1.2302	7.3349
1.1524	0.8733	2.2335	1.2106	7.3143
1.1542	0.8757	2.2308	1.2426	7.3435
1.1523	0.8767	2.2254	1.2352	7.3268


UPCC
==========================================
0.7557	0.5733	1.6867	0.5200	4.0210
0.7586	0.5736	1.6994	0.5329	4.0451
0.7549	0.5715	1.6923	0.5271	4.0395
0.7639	0.5801	1.6884	0.5455	4.2848
0.7583	0.5737	1.6987	0.5271	4.1442
0.7546	0.5749	1.6919	0.5268	4.0841
0.7603	0.5779	1.6931	0.5253	4.1887
0.7514	0.5720	1.6862	0.5264	4.0566
0.7564	0.5762	1.6992	0.5271	4.0372
0.7520	0.5698	1.7026	0.5205	4.0327
0.7591	0.5754	1.7055	0.5254	3.9728
0.7558	0.5726	1.6942	0.5370	4.0635
0.7557	0.5743	1.6955	0.5217	4.0325
0.7514	0.5696	1.6956	0.5253	3.9016
0.7596	0.5770	1.6924	0.5365	4.0303
0.7566	0.5752	1.6970	0.5323	4.1232
0.7553	0.5729	1.6897	0.5241	4.0311
0.7592	0.5753	1.6941	0.5490	4.1192
0.7582	0.5753	1.6965	0.5253	4.0883
0.7534	0.5732	1.6832	0.5294	4.2106


IPCC
==========================================
0.8859	0.6721	1.8149	0.7416	5.3664
0.8998	0.6804	1.8341	0.7491	5.5587
0.8847	0.6698	1.8096	0.7470	5.3926
0.8991	0.6828	1.8206	0.7564	5.5690
0.8991	0.6802	1.8320	0.7526	5.6239
0.8960	0.6826	1.8239	0.7519	5.5477
0.8977	0.6824	1.8245	0.7496	5.5388
0.8952	0.6814	1.8145	0.7588	5.5710
0.9017	0.6869	1.8338	0.7564	5.6405
0.8862	0.6714	1.8349	0.7390	5.3601
0.8947	0.6781	1.8275	0.7501	5.5174
0.8859	0.6712	1.8224	0.7391	5.3374
0.9036	0.6867	1.8311	0.7571	5.6201
0.8959	0.6791	1.8277	0.7487	5.5546
0.9005	0.6840	1.8280	0.7553	5.6753
0.8954	0.6807	1.8251	0.7552	5.6349
0.8909	0.6758	1.8214	0.7492	5.4410
0.8954	0.6785	1.8261	0.7517	5.4956
0.8981	0.6814	1.8284	0.7542	5.5854
0.8929	0.6793	1.8151	0.7516	5.5083


UIPCC
==========================================
0.7587	0.5755	1.6881	0.5293	4.1873
0.7628	0.5767	1.7009	0.5397	4.2433
0.7569	0.5731	1.6905	0.5348	4.2072
0.7670	0.5825	1.6893	0.5523	4.4118
0.7621	0.5766	1.7001	0.5343	4.3334
0.7590	0.5782	1.6928	0.5376	4.2673
0.7632	0.5802	1.6938	0.5330	4.3031
0.7559	0.5754	1.6863	0.5379	4.2425
0.7606	0.5795	1.7005	0.5395	4.2347
0.7556	0.5725	1.7053	0.5259	4.2075
0.7620	0.5776	1.7051	0.5346	4.1632
0.7582	0.5744	1.6950	0.5387	4.2082
0.7610	0.5783	1.6969	0.5347	4.2538
0.7566	0.5735	1.6972	0.5352	4.1360
0.7635	0.5799	1.6939	0.5454	4.2319
0.7602	0.5779	1.6974	0.5386	4.3005
0.7586	0.5754	1.6917	0.5294	4.1995
0.7620	0.5774	1.6952	0.5528	4.2912
0.7626	0.5786	1.6980	0.5355	4.2720
0.7573	0.5761	1.6844	0.5363	4.3294


