Metric: | MAE	| NMAE	| RMSE	| MRE	| NPRE	
==========================================
UMEAN
Avg:	1.2108	0.9177	2.3616	1.5249	9.3448
Std:	0.0025	0.0036	0.0041	0.0185	0.0777
==========================================
IMEAN
Avg:	1.1477	0.8699	2.2098	1.1185	7.1882
Std:	0.0021	0.0028	0.0051	0.0109	0.0745
==========================================
UPCC
Avg:	0.8050	0.6102	1.7601	0.5660	4.6016
Std:	0.0043	0.0038	0.0065	0.0092	0.1230
==========================================
IPCC
Avg:	0.9412	0.7134	1.8735	0.7842	5.7813
Std:	0.0031	0.0029	0.0038	0.0042	0.0677
==========================================
UIPCC
Avg:	0.8087	0.6130	1.7600	0.5705	4.7196
Std:	0.0036	0.0033	0.0059	0.0074	0.1092
==========================================


Detailed results for 20 rounds:
==========================================
UMEAN
==========================================
1.2062	0.9099	2.3642	1.4949	9.2422
1.2128	0.9213	2.3559	1.5446	9.3754
1.2149	0.9225	2.3562	1.5531	9.4697
1.2116	0.9178	2.3642	1.5233	9.3400
1.2112	0.9181	2.3664	1.5197	9.3429
1.2136	0.9221	2.3585	1.5533	9.4516
1.2100	0.9175	2.3650	1.5128	9.3364
1.2105	0.9160	2.3633	1.5170	9.2699
1.2106	0.9188	2.3594	1.5133	9.2807
1.2083	0.9136	2.3685	1.5067	9.1935
1.2079	0.9122	2.3709	1.5098	9.3509
1.2062	0.9134	2.3628	1.5129	9.2516
1.2120	0.9190	2.3602	1.5273	9.2946
1.2075	0.9146	2.3626	1.4950	9.2864
1.2101	0.9162	2.3609	1.5184	9.3552
1.2102	0.9172	2.3603	1.5229	9.3269
1.2150	0.9238	2.3586	1.5622	9.4827
1.2133	0.9208	2.3580	1.5442	9.4162
1.2115	0.9204	2.3547	1.5355	9.4302
1.2131	0.9196	2.3616	1.5306	9.3996


IMEAN
==========================================
1.1461	0.8646	2.2166	1.0962	7.0395
1.1490	0.8729	2.2067	1.1196	7.1172
1.1482	0.8719	2.2066	1.1259	7.2200
1.1481	0.8697	2.2102	1.1311	7.2682
1.1513	0.8727	2.2071	1.1249	7.2098
1.1469	0.8713	2.2047	1.1153	7.2073
1.1498	0.8718	2.2174	1.1034	7.2500
1.1469	0.8679	2.2101	1.1216	7.1701
1.1503	0.8729	2.2017	1.1274	7.1821
1.1475	0.8676	2.2132	1.1127	7.1500
1.1437	0.8638	2.2234	1.0931	7.0421
1.1462	0.8680	2.2138	1.1320	7.1176
1.1514	0.8730	2.2086	1.1238	7.2554
1.1475	0.8692	2.2110	1.1159	7.2433
1.1446	0.8666	2.2116	1.1180	7.1294
1.1469	0.8693	2.2100	1.1200	7.2496
1.1464	0.8716	2.2049	1.1261	7.1544
1.1478	0.8711	2.2082	1.1160	7.2483
1.1503	0.8739	2.2034	1.1354	7.3420
1.1452	0.8682	2.2066	1.1109	7.1681


UPCC
==========================================
0.8025	0.6054	1.7633	0.5555	4.4028
0.8035	0.6104	1.7548	0.5736	4.5801
0.8058	0.6119	1.7580	0.5633	4.6030
0.8098	0.6134	1.7681	0.5679	4.6371
0.8048	0.6100	1.7559	0.5634	4.5313
0.8094	0.6150	1.7612	0.5788	4.6343
0.8101	0.6143	1.7681	0.5701	4.7448
0.7982	0.6040	1.7521	0.5548	4.4970
0.8134	0.6173	1.7481	0.5891	4.9296
0.7978	0.6032	1.7540	0.5553	4.5023
0.8028	0.6063	1.7733	0.5615	4.4125
0.8030	0.6081	1.7716	0.5630	4.5616
0.8118	0.6156	1.7617	0.5812	4.7479
0.8056	0.6102	1.7638	0.5698	4.6265
0.8058	0.6101	1.7602	0.5648	4.6418
0.7986	0.6052	1.7599	0.5530	4.5183
0.8006	0.6088	1.7611	0.5564	4.4594
0.8055	0.6113	1.7537	0.5649	4.6533
0.8041	0.6109	1.7538	0.5651	4.6229
0.8076	0.6122	1.7591	0.5685	4.7254


IPCC
==========================================
0.9422	0.7108	1.8794	0.7757	5.6982
0.9411	0.7149	1.8726	0.7866	5.7334
0.9441	0.7169	1.8720	0.7869	5.8584
0.9407	0.7126	1.8754	0.7824	5.8188
0.9462	0.7172	1.8740	0.7852	5.8264
0.9394	0.7137	1.8698	0.7842	5.7179
0.9421	0.7144	1.8807	0.7780	5.8204
0.9433	0.7138	1.8757	0.7897	5.7279
0.9447	0.7169	1.8704	0.7911	5.8552
0.9396	0.7104	1.8755	0.7843	5.6964
0.9362	0.7071	1.8807	0.7786	5.6798
0.9366	0.7092	1.8748	0.7816	5.7087
0.9441	0.7159	1.8751	0.7868	5.8291
0.9427	0.7141	1.8741	0.7823	5.8370
0.9416	0.7129	1.8719	0.7867	5.8621
0.9364	0.7097	1.8704	0.7789	5.7600
0.9361	0.7117	1.8731	0.7814	5.6942
0.9455	0.7175	1.8689	0.7870	5.8686
0.9422	0.7157	1.8666	0.7912	5.8731
0.9392	0.7120	1.8689	0.7861	5.7608


UIPCC
==========================================
0.8074	0.6091	1.7640	0.5625	4.5643
0.8072	0.6132	1.7553	0.5737	4.6980
0.8098	0.6150	1.7571	0.5687	4.7397
0.8124	0.6154	1.7666	0.5717	4.7468
0.8092	0.6134	1.7565	0.5695	4.6802
0.8116	0.6166	1.7605	0.5785	4.7297
0.8129	0.6164	1.7682	0.5707	4.8207
0.8038	0.6083	1.7539	0.5624	4.6304
0.8155	0.6189	1.7493	0.5887	5.0081
0.8026	0.6068	1.7558	0.5636	4.6227
0.8065	0.6091	1.7732	0.5678	4.5499
0.8061	0.6104	1.7700	0.5659	4.6591
0.8153	0.6182	1.7616	0.5853	4.8563
0.8093	0.6130	1.7629	0.5735	4.7420
0.8096	0.6130	1.7598	0.5718	4.7571
0.8028	0.6085	1.7597	0.5589	4.6154
0.8043	0.6115	1.7611	0.5607	4.5851
0.8098	0.6146	1.7536	0.5705	4.7942
0.8084	0.6141	1.7537	0.5704	4.7762
0.8102	0.6142	1.7580	0.5745	4.8169


