Metric: | MAE	| NMAE	| RMSE	| MRE	| NPRE	
==========================================
UMEAN
Avg:	1.1934	0.9008	2.3349	1.4904	9.3243
Std:	0.0029	0.0025	0.0130	0.0149	0.0600
==========================================
IMEAN
Avg:	1.1480	0.8665	2.1594	1.3419	7.2086
Std:	0.0030	0.0027	0.0111	0.0081	0.0369
==========================================
UPCC
Avg:	0.6788	0.5124	1.5659	0.4538	3.2620
Std:	0.0035	0.0024	0.0096	0.0051	0.0590
==========================================
IPCC
Avg:	0.8187	0.6179	1.6874	0.6902	5.1515
Std:	0.0057	0.0042	0.0104	0.0045	0.0910
==========================================
UIPCC
Avg:	0.6825	0.5152	1.5569	0.4736	3.6009
Std:	0.0033	0.0023	0.0098	0.0048	0.0511
==========================================


Detailed results for 20 rounds:
==========================================
UMEAN
==========================================
1.1969	0.8981	2.3485	1.4777	9.3111
1.1908	0.9008	2.3340	1.4873	9.2986
1.1974	0.9003	2.3472	1.4839	9.3426
1.1988	0.8975	2.3527	1.4642	9.2820
1.1895	0.9028	2.3144	1.4951	9.3768
1.1929	0.8990	2.3400	1.4869	9.3572
1.1921	0.9007	2.3374	1.4873	9.2283
1.1885	0.9054	2.3135	1.5167	9.3445
1.1921	0.8990	2.3420	1.4776	9.2211
1.1952	0.9038	2.3384	1.5171	9.3728
1.1964	0.8981	2.3469	1.4864	9.2969
1.1938	0.9003	2.3360	1.4888	9.3381
1.1937	0.8981	2.3290	1.4815	9.2903
1.1902	0.9018	2.3208	1.4875	9.3600
1.1958	0.9020	2.3374	1.4843	9.3194
1.1966	0.8977	2.3583	1.4747	9.2015
1.1907	0.9035	2.3243	1.4938	9.3355
1.1948	0.8990	2.3414	1.4836	9.3476
1.1896	0.9050	2.3108	1.5219	9.4526
1.1927	0.9037	2.3246	1.5121	9.4083


IMEAN
==========================================
1.1522	0.8645	2.1663	1.3408	7.2064
1.1432	0.8648	2.1414	1.3504	7.2459
1.1484	0.8634	2.1603	1.3448	7.2179
1.1508	0.8616	2.1723	1.3259	7.1516
1.1482	0.8714	2.1572	1.3443	7.2831
1.1494	0.8662	2.1618	1.3412	7.1930
1.1477	0.8671	2.1499	1.3471	7.2272
1.1434	0.8710	2.1530	1.3465	7.2688
1.1508	0.8678	2.1598	1.3431	7.2522
1.1465	0.8670	2.1645	1.3480	7.1951
1.1524	0.8651	2.1801	1.3384	7.2042
1.1472	0.8652	2.1597	1.3355	7.1747
1.1485	0.8641	2.1709	1.3216	7.1306
1.1494	0.8709	2.1559	1.3528	7.2389
1.1495	0.8671	2.1627	1.3435	7.2064
1.1508	0.8634	2.1761	1.3307	7.1664
1.1460	0.8695	2.1404	1.3515	7.2070
1.1499	0.8652	2.1634	1.3372	7.2037
1.1408	0.8679	2.1379	1.3475	7.1832
1.1453	0.8678	2.1534	1.3471	7.2161


UPCC
==========================================
0.6783	0.5089	1.5738	0.4452	3.2245
0.6709	0.5075	1.5518	0.4497	3.2005
0.6762	0.5084	1.5617	0.4457	3.1393
0.6855	0.5132	1.5768	0.4526	3.2767
0.6801	0.5162	1.5640	0.4532	3.3356
0.6784	0.5113	1.5679	0.4481	3.2058
0.6788	0.5128	1.5570	0.4603	3.2625
0.6783	0.5167	1.5627	0.4657	3.3914
0.6804	0.5131	1.5727	0.4569	3.2922
0.6775	0.5123	1.5753	0.4480	3.2270
0.6826	0.5125	1.5761	0.4562	3.2786
0.6752	0.5092	1.5604	0.4533	3.1897
0.6790	0.5109	1.5704	0.4607	3.2323
0.6785	0.5141	1.5602	0.4565	3.2563
0.6815	0.5141	1.5658	0.4578	3.3136
0.6844	0.5135	1.5902	0.4510	3.2553
0.6788	0.5151	1.5538	0.4562	3.3125
0.6820	0.5131	1.5672	0.4516	3.3494
0.6718	0.5111	1.5493	0.4530	3.2170
0.6779	0.5137	1.5602	0.4538	3.2801


IPCC
==========================================
0.8257	0.6195	1.6986	0.6916	5.1404
0.8192	0.6197	1.6833	0.6904	5.2129
0.8185	0.6154	1.6859	0.6926	5.1553
0.8273	0.6194	1.6943	0.6912	5.2477
0.8189	0.6215	1.6745	0.6931	5.2746
0.8211	0.6188	1.6918	0.6925	5.2066
0.8230	0.6218	1.6867	0.6963	5.1850
0.8177	0.6229	1.6846	0.6912	5.1659
0.8147	0.6144	1.6884	0.6848	5.1020
0.8144	0.6158	1.6914	0.6903	5.0906
0.8189	0.6147	1.6969	0.6882	5.0872
0.8152	0.6148	1.6869	0.6847	5.0457
0.8159	0.6139	1.6950	0.6840	5.0414
0.8181	0.6199	1.6798	0.6922	5.1997
0.8174	0.6166	1.6857	0.6960	5.1698
0.8309	0.6234	1.7170	0.6921	5.2377
0.8153	0.6186	1.6735	0.6884	5.1043
0.8052	0.6058	1.6792	0.6775	4.9418
0.8108	0.6168	1.6671	0.6898	5.0762
0.8249	0.6250	1.6876	0.6967	5.3451


UIPCC
==========================================
0.6835	0.5128	1.5651	0.4675	3.5646
0.6765	0.5117	1.5446	0.4702	3.5996
0.6806	0.5117	1.5529	0.4659	3.4974
0.6890	0.5158	1.5663	0.4769	3.6367
0.6834	0.5187	1.5524	0.4714	3.7030
0.6819	0.5139	1.5593	0.4695	3.5483
0.6831	0.5161	1.5486	0.4790	3.6039
0.6822	0.5197	1.5537	0.4855	3.7051
0.6837	0.5156	1.5635	0.4775	3.5974
0.6819	0.5156	1.5662	0.4706	3.5704
0.6854	0.5146	1.5669	0.4765	3.5934
0.6786	0.5118	1.5525	0.4664	3.5385
0.6823	0.5134	1.5632	0.4753	3.5556
0.6826	0.5172	1.5510	0.4761	3.6101
0.6845	0.5163	1.5567	0.4780	3.6411
0.6889	0.5169	1.5822	0.4734	3.6025
0.6813	0.5169	1.5438	0.4764	3.6235
0.6830	0.5139	1.5581	0.4689	3.6246
0.6750	0.5136	1.5386	0.4726	3.5507
0.6829	0.5174	1.5518	0.4742	3.6518


