Metric: | MAE	| NMAE	| RMSE	| MRE	| NPRE	
==========================================
UMEAN
Avg:	1.1936	0.9009	2.3352	1.4898	9.3225
Std:	0.0023	0.0029	0.0122	0.0176	0.0779
==========================================
IMEAN
Avg:	1.1494	0.8675	2.1619	1.3282	7.2205
Std:	0.0021	0.0029	0.0094	0.0110	0.0451
==========================================
UPCC
Avg:	0.6907	0.5213	1.5831	0.4654	3.3969
Std:	0.0035	0.0026	0.0085	0.0054	0.0899
==========================================
IPCC
Avg:	0.8357	0.6307	1.7156	0.7052	5.2544
Std:	0.0048	0.0036	0.0093	0.0033	0.0989
==========================================
UIPCC
Avg:	0.6955	0.5249	1.5776	0.4849	3.7130
Std:	0.0031	0.0023	0.0086	0.0044	0.0754
==========================================


Detailed results for 20 rounds:
==========================================
UMEAN
==========================================
1.1959	0.8994	2.3464	1.4793	9.2752
1.1912	0.8991	2.3398	1.4817	9.2631
1.1946	0.8999	2.3427	1.4743	9.2860
1.1979	0.8968	2.3516	1.4667	9.2760
1.1920	0.9038	2.3186	1.4971	9.3971
1.1929	0.9003	2.3358	1.4925	9.3316
1.1939	0.8990	2.3408	1.4836	9.2729
1.1899	0.9062	2.3152	1.5201	9.3599
1.1906	0.8985	2.3415	1.4704	9.2052
1.1955	0.9033	2.3397	1.5115	9.3645
1.1960	0.8977	2.3485	1.4840	9.2421
1.1916	0.9023	2.3240	1.5030	9.4013
1.1952	0.8969	2.3382	1.4709	9.2263
1.1913	0.9016	2.3224	1.4931	9.3371
1.1973	0.9007	2.3457	1.4726	9.2537
1.1952	0.8969	2.3550	1.4695	9.2363
1.1905	0.9048	2.3180	1.4997	9.3922
1.1951	0.9008	2.3390	1.4852	9.3975
1.1922	0.9053	2.3171	1.5282	9.4901
1.1925	0.9041	2.3241	1.5118	9.4419


IMEAN
==========================================
1.1510	0.8656	2.1638	1.3292	7.2409
1.1480	0.8664	2.1532	1.3375	7.2456
1.1489	0.8655	2.1616	1.3260	7.2431
1.1515	0.8620	2.1756	1.3024	7.0821
1.1504	0.8722	2.1630	1.3273	7.2396
1.1492	0.8673	2.1608	1.3244	7.2043
1.1503	0.8662	2.1597	1.3248	7.2260
1.1458	0.8726	2.1532	1.3336	7.2570
1.1511	0.8687	2.1565	1.3387	7.2691
1.1477	0.8671	2.1650	1.3450	7.2163
1.1523	0.8650	2.1814	1.3234	7.1752
1.1472	0.8687	2.1583	1.3239	7.2252
1.1499	0.8628	2.1717	1.3071	7.1716
1.1509	0.8710	2.1603	1.3381	7.2315
1.1520	0.8667	2.1693	1.3226	7.2407
1.1518	0.8643	2.1766	1.3176	7.1511
1.1469	0.8717	2.1403	1.3415	7.2207
1.1503	0.8670	2.1618	1.3223	7.2612
1.1456	0.8699	2.1535	1.3349	7.2232
1.1466	0.8693	2.1527	1.3433	7.2851


UPCC
==========================================
0.6898	0.5187	1.5856	0.4637	3.3943
0.6821	0.5148	1.5757	0.4562	3.2584
0.6886	0.5188	1.5799	0.4587	3.2943
0.6975	0.5221	1.5959	0.4675	3.3812
0.6935	0.5258	1.5849	0.4684	3.5225
0.6891	0.5200	1.5856	0.4538	3.2625
0.6917	0.5208	1.5781	0.4711	3.3820
0.6905	0.5259	1.5789	0.4773	3.5264
0.6905	0.5211	1.5800	0.4680	3.5058
0.6902	0.5215	1.5918	0.4624	3.3093
0.6922	0.5196	1.5968	0.4600	3.3051
0.6868	0.5200	1.5720	0.4662	3.3741
0.6916	0.5190	1.5865	0.4714	3.3881
0.6913	0.5232	1.5786	0.4688	3.4064
0.6935	0.5217	1.5852	0.4635	3.4371
0.6958	0.5222	1.6031	0.4681	3.4206
0.6900	0.5244	1.5663	0.4683	3.4713
0.6950	0.5238	1.5818	0.4677	3.5773
0.6852	0.5203	1.5779	0.4644	3.2927
0.6899	0.5230	1.5780	0.4625	3.4279


IPCC
==========================================
0.8387	0.6307	1.7225	0.7059	5.1748
0.8364	0.6313	1.7191	0.7046	5.2774
0.8374	0.6308	1.7142	0.7082	5.3185
0.8394	0.6284	1.7260	0.7028	5.2007
0.8408	0.6375	1.7159	0.7072	5.4835
0.8344	0.6298	1.7156	0.7045	5.2336
0.8420	0.6341	1.7201	0.7102	5.3260
0.8304	0.6324	1.7075	0.7094	5.2091
0.8345	0.6298	1.7123	0.7050	5.2645
0.8347	0.6307	1.7194	0.7041	5.2636
0.8358	0.6274	1.7269	0.7045	5.1354
0.8328	0.6306	1.7098	0.7010	5.2161
0.8319	0.6242	1.7184	0.6971	5.1494
0.8337	0.6309	1.7096	0.7075	5.2007
0.8354	0.6285	1.7174	0.7071	5.2256
0.8468	0.6354	1.7391	0.7088	5.3292
0.8307	0.6314	1.6945	0.7038	5.2069
0.8269	0.6232	1.7079	0.6996	5.1329
0.8287	0.6293	1.7034	0.7052	5.2257
0.8417	0.6381	1.7116	0.7083	5.5147


UIPCC
==========================================
0.6954	0.5229	1.5808	0.4828	3.7061
0.6891	0.5201	1.5725	0.4794	3.6375
0.6943	0.5230	1.5743	0.4775	3.6517
0.7015	0.5252	1.5902	0.4858	3.7045
0.6984	0.5295	1.5786	0.4836	3.8547
0.6936	0.5235	1.5800	0.4760	3.5768
0.6969	0.5248	1.5731	0.4900	3.7322
0.6949	0.5292	1.5729	0.4951	3.8064
0.6956	0.5250	1.5748	0.4897	3.8046
0.6955	0.5255	1.5856	0.4848	3.6561
0.6960	0.5224	1.5904	0.4807	3.6019
0.6913	0.5235	1.5675	0.4814	3.6908
0.6960	0.5222	1.5821	0.4870	3.6825
0.6958	0.5266	1.5729	0.4884	3.7177
0.6976	0.5248	1.5797	0.4868	3.7205
0.7014	0.5263	1.5982	0.4887	3.7111
0.6934	0.5271	1.5593	0.4848	3.7480
0.6976	0.5258	1.5762	0.4860	3.8453
0.6894	0.5235	1.5708	0.4831	3.6279
0.6953	0.5272	1.5718	0.4859	3.7835


