Metric: | MAE	| NMAE	| RMSE	| MRE	| NPRE	
==========================================
UMEAN
Avg:	14.6781	1.3293	51.3973	3.8908	25.2690
Std:	0.1028	0.0141	0.5013	0.0847	0.5067
==========================================
IMEAN
Avg:	7.8898	0.7145	40.6429	0.5522	7.8734
Std:	0.0625	0.0070	0.4749	0.0019	0.0697
==========================================
UPCC
Avg:	9.3263	0.8446	38.8374	1.5956	16.4248
Std:	0.1382	0.0144	0.6167	0.0672	0.4346
==========================================
IPCC
Avg:	9.4518	0.8560	41.0620	0.7797	12.2951
Std:	0.1071	0.0124	0.2913	0.0059	0.2061
==========================================
UIPCC
Avg:	9.1183	0.8258	39.6269	1.3990	15.1714
Std:	0.1010	0.0115	0.4807	0.0332	0.2723
==========================================


Detailed results for 20 rounds:
==========================================
UMEAN
==========================================
14.7932	1.3455	50.9154	3.9634	25.9300
14.7318	1.3356	51.4712	3.9683	25.9518
14.7272	1.3363	51.7453	3.9135	25.9291
14.7426	1.3404	50.9100	3.9926	25.7573
14.8637	1.3547	50.8558	3.9889	25.5557
14.6816	1.3295	50.9753	3.9346	25.0824
14.7449	1.3383	50.1571	3.9240	25.7848
14.7262	1.3353	51.4467	3.9638	25.7929
14.7255	1.3351	50.8604	3.9032	25.1399
14.5267	1.3096	52.1646	3.7961	24.5921
14.7337	1.3371	51.0777	3.9638	25.6107
14.7160	1.3351	51.6052	3.8948	25.3380
14.6007	1.3182	51.4641	3.7806	24.7710
14.4624	1.2991	52.1129	3.7127	24.4622
14.6142	1.3205	51.9221	3.8347	24.9936
14.5429	1.3106	51.8377	3.8341	24.9119
14.7248	1.3343	51.7514	3.9440	25.3430
14.7431	1.3379	51.6300	3.9328	25.2155
14.4869	1.3038	51.8373	3.7083	24.2079
14.6746	1.3293	51.2050	3.8608	25.0109


IMEAN
==========================================
7.8794	0.7166	40.4736	0.5543	7.9989
7.9708	0.7226	41.0900	0.5555	7.9341
7.8980	0.7166	40.8763	0.5541	7.9136
7.9615	0.7239	40.0162	0.5549	7.9669
8.0255	0.7314	41.2796	0.5517	7.8393
7.8630	0.7120	39.8976	0.5477	7.7751
7.8628	0.7137	39.4970	0.5499	7.7332
7.9200	0.7182	40.7182	0.5532	7.8729
7.8489	0.7116	39.8878	0.5523	7.7951
7.7931	0.7026	41.2243	0.5492	7.8702
7.8353	0.7111	40.6129	0.5527	7.8771
7.8494	0.7121	40.5667	0.5525	7.7946
8.0060	0.7228	40.9013	0.5529	7.8749
7.9057	0.7102	41.1294	0.5503	7.9260
7.8644	0.7106	41.0029	0.5515	7.8813
7.8338	0.7060	40.7373	0.5536	7.8862
7.8162	0.7083	40.9121	0.5502	7.7946
7.9497	0.7214	40.6565	0.5525	7.9975
7.8340	0.7050	40.9362	0.5530	7.8701
7.8787	0.7137	40.4415	0.5524	7.8666


UPCC
==========================================
9.2461	0.8410	38.6530	1.6270	16.4359
9.5462	0.8654	39.4597	1.5358	17.0134
9.4861	0.8607	39.0193	1.6977	17.4290
9.2533	0.8413	38.0915	1.6543	16.1651
9.6330	0.8780	39.6269	1.6765	16.7967
9.3351	0.8453	38.0147	1.5567	16.5662
9.3516	0.8488	37.1004	1.5135	16.9550
9.3350	0.8465	38.9256	1.6012	16.8102
9.2232	0.8362	38.1954	1.5741	16.2217
9.0922	0.8197	39.4411	1.5392	15.8350
9.3558	0.8491	38.5987	1.6919	16.5604
9.2281	0.8372	38.6763	1.6543	16.3837
9.4968	0.8574	39.3873	1.5867	16.1271
9.1809	0.8247	39.3265	1.5085	15.6550
9.1782	0.8293	39.2388	1.5216	15.8464
9.1819	0.8274	39.0690	1.4753	16.4574
9.4089	0.8526	39.3392	1.6620	16.5662
9.4386	0.8565	39.1174	1.5905	16.2997
9.2125	0.8291	39.1221	1.5618	15.8765
9.3420	0.8462	38.3449	1.6823	16.4950


IPCC
==========================================
9.5873	0.8720	41.2555	0.7870	12.4195
9.6034	0.8706	41.6080	0.7768	12.5561
9.4842	0.8606	41.1055	0.7840	12.3662
9.5791	0.8709	40.6524	0.7836	12.4658
9.5578	0.8711	41.4800	0.7737	12.2210
9.3950	0.8508	40.5219	0.7771	12.0067
9.5562	0.8673	40.5208	0.7690	12.3122
9.4667	0.8584	41.0159	0.7802	12.3385
9.4647	0.8581	40.7687	0.7729	12.2025
9.2014	0.8295	41.2682	0.7879	12.2442
9.5194	0.8639	41.1517	0.7849	12.4726
9.4111	0.8538	40.8312	0.7785	12.4199
9.4295	0.8513	41.3501	0.7646	11.8152
9.2748	0.8331	41.2588	0.7835	12.1000
9.3052	0.8408	41.1991	0.7799	11.9078
9.3645	0.8439	41.0640	0.7824	12.3990
9.4479	0.8561	41.1752	0.7868	12.5520
9.5426	0.8660	40.9740	0.7815	12.4291
9.3718	0.8434	41.2151	0.7789	12.1545
9.4727	0.8581	40.8245	0.7802	12.5189


UIPCC
==========================================
9.1608	0.8332	39.5788	1.4187	15.2851
9.2934	0.8425	40.1972	1.3923	15.6526
9.1936	0.8342	39.7932	1.4455	15.6648
9.1591	0.8328	39.0016	1.4379	15.2546
9.2869	0.8464	40.1919	1.4342	15.2905
9.0948	0.8236	38.9215	1.3816	15.0224
9.1808	0.8333	38.3525	1.3702	15.2698
9.1289	0.8278	39.6631	1.4012	15.2948
9.0850	0.8237	39.0314	1.3800	14.9841
8.8939	0.8018	40.1296	1.3791	14.9300
9.1612	0.8314	39.5430	1.4516	15.4401
9.0526	0.8213	39.4754	1.4121	15.2300
9.1802	0.8288	40.0287	1.3609	14.7402
8.9715	0.8059	40.0578	1.3528	14.6976
8.9801	0.8114	39.9483	1.3543	14.7107
9.0183	0.8127	39.7539	1.3560	15.2899
9.1480	0.8290	39.9724	1.4343	15.3018
9.2194	0.8367	39.7362	1.3968	15.2470
9.0289	0.8126	39.8927	1.3711	14.8688
9.1282	0.8269	39.2694	1.4486	15.2528


