Metric: | MAE	| NMAE	| RMSE	| MRE	| NPRE	
==========================================
UMEAN
Avg:	14.3664	1.3250	52.5456	3.9025	23.9841
Std:	0.0641	0.0062	2.3778	0.0318	0.2129
==========================================
IMEAN
Avg:	7.3723	0.6799	41.0618	0.5396	7.7627
Std:	0.0605	0.0048	2.5892	0.0026	0.1171
==========================================
UPCC
Avg:	7.1711	0.6614	32.6003	1.0649	15.4974
Std:	0.0953	0.0094	2.5610	0.0519	0.2736
==========================================
IPCC
Avg:	6.7728	0.6246	33.1775	0.5638	8.3813
Std:	0.0841	0.0065	2.2933	0.0076	0.1498
==========================================
UIPCC
Avg:	6.4477	0.5947	31.0182	0.9750	12.1610
Std:	0.0722	0.0063	2.5458	0.0306	0.1583
==========================================


Detailed results for 20 rounds:
==========================================
UMEAN
==========================================
14.4470	1.3205	53.0247	3.8898	24.0881
14.4422	1.3245	53.0712	3.9052	23.7669
14.3590	1.3242	52.0973	3.8874	23.6360
14.4438	1.3092	55.4981	3.8298	23.6847
14.3654	1.3250	49.5463	3.8923	24.0053
14.4423	1.3157	51.0309	3.8537	23.6212
14.3943	1.3219	48.5069	3.8672	23.9171
14.3443	1.3236	53.9222	3.9284	24.0535
14.4473	1.3173	50.3066	3.9044	23.8065
14.2394	1.3333	50.1188	3.9132	23.9959
14.3404	1.3324	52.3633	3.9351	24.1419
14.4234	1.3244	53.4277	3.9174	24.2381
14.2541	1.3331	51.0434	3.9476	24.1324
14.3781	1.3241	56.2187	3.8882	24.0535
14.2930	1.3319	52.3851	3.9406	24.2935
14.3423	1.3337	53.8693	3.9294	24.1630
14.3999	1.3244	56.4278	3.8810	23.9576
14.3142	1.3240	56.7180	3.9089	23.8289
14.2801	1.3273	49.0268	3.8735	23.8823
14.3771	1.3296	52.3095	3.9571	24.4147


IMEAN
==========================================
7.4640	0.6822	41.5240	0.5408	7.9229
7.3686	0.6758	41.1789	0.5397	7.5499
7.2799	0.6714	40.2160	0.5377	7.7697
7.4612	0.6763	44.0627	0.5375	7.7957
7.3486	0.6778	37.7038	0.5410	7.7265
7.4269	0.6766	39.1815	0.5395	7.6485
7.3702	0.6769	36.5267	0.5411	7.7471
7.4269	0.6853	42.8075	0.5382	7.8124
7.3934	0.6741	38.4351	0.5358	7.5671
7.3552	0.6887	38.6567	0.5421	8.0116
7.3522	0.6831	41.1452	0.5347	7.7497
7.4451	0.6836	42.1792	0.5412	7.7988
7.2396	0.6771	39.6750	0.5462	7.8239
7.3373	0.6757	44.8970	0.5401	7.9124
7.3021	0.6805	41.2359	0.5367	7.8502
7.3731	0.6857	42.6404	0.5435	7.6874
7.3704	0.6779	45.0427	0.5398	7.5970
7.4524	0.6893	45.8780	0.5376	7.7707
7.3007	0.6786	37.3836	0.5386	7.8473
7.3789	0.6824	40.8667	0.5412	7.6656


UPCC
==========================================
7.1663	0.6550	33.1380	1.0913	15.3650
7.0602	0.6475	32.1985	0.9975	15.1204
7.2711	0.6705	32.2664	1.1340	15.2572
7.2516	0.6573	35.6852	1.0467	15.6441
7.1375	0.6583	29.5820	1.0040	15.3889
7.0836	0.6453	30.2130	1.0250	14.8118
7.2035	0.6615	28.9452	1.1215	15.4195
7.2609	0.6700	34.2517	1.0626	15.5063
7.0752	0.6451	28.9056	0.9763	15.6639
7.0754	0.6625	30.5255	1.0880	15.0493
7.1603	0.6653	31.9760	1.0311	15.7902
7.2714	0.6677	33.0500	1.1075	15.9567
7.0095	0.6555	31.8889	0.9983	15.5940
7.1468	0.6582	36.4579	1.0823	15.5616
7.0178	0.6540	32.3348	1.0840	15.8374
7.1878	0.6684	34.3653	1.0405	15.7249
7.1834	0.6607	36.9493	1.0083	15.4464
7.3543	0.6802	37.2828	1.1241	15.7157
7.1869	0.6680	29.1125	1.1174	15.4799
7.3187	0.6769	32.8766	1.1570	15.6150


IPCC
==========================================
6.8121	0.6226	33.6009	0.5727	8.5135
6.8570	0.6288	34.1652	0.5666	8.1450
6.7171	0.6194	32.3016	0.5645	8.3200
6.9198	0.6272	36.1777	0.5672	8.6007
6.8622	0.6329	31.2008	0.5712	8.5860
6.7468	0.6146	30.8412	0.5511	8.2841
6.9607	0.6392	30.9352	0.5789	8.6042
6.8627	0.6332	33.9355	0.5650	8.4923
6.7334	0.6139	30.6342	0.5450	8.0545
6.7091	0.6282	30.9747	0.5722	8.5716
6.7484	0.6270	32.5115	0.5581	8.3212
6.7217	0.6172	33.4268	0.5569	8.2744
6.6650	0.6233	35.6643	0.5586	8.3589
6.6956	0.6166	36.0151	0.5670	8.3399
6.6490	0.6196	32.8315	0.5606	8.3244
6.7347	0.6263	32.4610	0.5591	8.3230
6.8122	0.6265	37.6697	0.5628	8.2038
6.8114	0.6300	36.5683	0.5627	8.3932
6.6739	0.6203	28.6060	0.5667	8.4527
6.7623	0.6254	33.0288	0.5701	8.4624


UIPCC
==========================================
6.4552	0.5900	31.3121	0.9817	12.1664
6.4408	0.5907	31.1339	0.9545	11.8306
6.4459	0.5944	30.2378	1.0031	12.0404
6.5686	0.5954	34.4944	0.9652	12.2490
6.4829	0.5979	28.4032	0.9797	12.2034
6.3984	0.5829	28.1580	0.9304	11.8265
6.5693	0.6033	27.5679	1.0155	12.2752
6.5580	0.6051	32.3627	0.9767	12.3282
6.3925	0.5829	27.9498	0.9025	12.0112
6.3892	0.5982	28.8367	0.9837	12.0825
6.4422	0.5985	30.5991	0.9515	12.2101
6.4463	0.5919	31.3951	0.9960	12.3267
6.3178	0.5909	32.1887	0.9462	12.0727
6.3907	0.5885	34.7467	0.9757	12.1632
6.3221	0.5891	30.8252	0.9652	12.4201
6.4368	0.5986	31.2739	0.9688	12.2629
6.4645	0.5946	35.7329	0.9536	11.9661
6.5531	0.6061	35.3407	1.0142	12.2712
6.3908	0.5940	26.8566	1.0006	12.2198
6.4883	0.6001	30.9482	1.0361	12.2943


