Metric: | MAE	| NMAE	| RMSE	| MRE	| NPRE	
==========================================
UMEAN
Avg:	14.3750	1.3193	49.7866	3.9190	24.2518
Std:	0.0460	0.0091	1.4052	0.0330	0.2385
==========================================
IMEAN
Avg:	7.4783	0.6863	37.8557	0.5493	7.2689
Std:	0.0591	0.0049	1.3664	0.0018	0.0695
==========================================
UPCC
Avg:	7.3302	0.6727	30.4100	1.1039	15.2307
Std:	0.0917	0.0092	1.4032	0.0411	0.3331
==========================================
IPCC
Avg:	7.4478	0.6835	34.3324	0.5998	8.6320
Std:	0.0729	0.0072	1.3230	0.0059	0.1029
==========================================
UIPCC
Avg:	6.9728	0.6399	31.5041	0.9937	12.4909
Std:	0.0598	0.0060	1.4288	0.0273	0.1714
==========================================


Detailed results for 20 rounds:
==========================================
UMEAN
==========================================
14.3374	1.3299	50.3351	3.9310	24.3405
14.4380	1.3135	48.9865	3.9250	24.1623
14.3946	1.3179	51.3443	3.8935	24.4148
14.3991	1.3032	51.6572	3.8898	23.7626
14.4337	1.3066	51.6525	3.8881	23.8112
14.3790	1.3193	51.1232	3.9083	24.0825
14.3180	1.3302	49.4191	3.9331	24.5266
14.4578	1.3093	52.4857	3.9282	24.0383
14.3371	1.3350	48.3913	3.9871	24.6580
14.3737	1.3172	50.9498	3.9077	24.2271
14.3288	1.3315	48.9830	3.9505	24.5462
14.4209	1.3066	49.4503	3.8672	24.1284
14.3113	1.3200	47.8280	3.8631	23.9982
14.4538	1.3101	50.0214	3.8899	24.2205
14.3870	1.3190	49.3103	3.9431	24.3594
14.3381	1.3218	47.4741	3.9285	24.3368
14.3285	1.3299	48.0262	3.9827	24.5304
14.3762	1.3138	50.7062	3.8951	24.1391
14.3633	1.3233	49.2906	3.9500	24.5166
14.3230	1.3272	48.2965	3.9181	24.2369


IMEAN
==========================================
7.3946	0.6859	38.5622	0.5460	7.3596
7.4597	0.6787	36.5635	0.5501	7.2008
7.5190	0.6884	39.5999	0.5537	7.3294
7.5701	0.6851	39.4525	0.5505	7.3615
7.5580	0.6842	39.4244	0.5476	7.2631
7.5251	0.6904	39.4075	0.5483	7.2327
7.4911	0.6960	37.9218	0.5510	7.3765
7.4367	0.6735	40.2718	0.5488	7.2563
7.4150	0.6905	36.5007	0.5505	7.3432
7.5230	0.6894	39.2970	0.5501	7.3165
7.4031	0.6879	37.1232	0.5495	7.2469
7.5563	0.6846	37.2082	0.5480	7.1914
7.4978	0.6916	36.0296	0.5494	7.1793
7.5737	0.6865	37.9471	0.5508	7.2752
7.4470	0.6827	37.2509	0.5485	7.2392
7.4135	0.6834	35.5337	0.5475	7.1967
7.4463	0.6911	36.5849	0.5462	7.1880
7.5013	0.6855	38.7492	0.5501	7.3176
7.4015	0.6819	37.3111	0.5513	7.3536
7.4328	0.6887	36.3756	0.5479	7.1507


UPCC
==========================================
7.4153	0.6878	31.4929	1.1565	15.6320
7.3311	0.6670	29.3464	1.1642	15.1795
7.3305	0.6712	31.9132	1.0470	15.2768
7.3921	0.6690	32.1839	1.1176	15.6351
7.3015	0.6609	31.5216	1.1049	15.1980
7.3536	0.6747	31.8795	1.1092	15.0682
7.3135	0.6795	30.4422	1.0848	15.5103
7.3960	0.6698	32.8248	1.0972	15.5152
7.1566	0.6664	28.9435	1.0519	14.8242
7.3578	0.6743	32.3918	1.0993	15.1287
7.1398	0.6635	29.2744	1.1186	14.6381
7.2166	0.6539	29.4453	1.0804	14.5880
7.2800	0.6715	28.9152	1.1016	14.6190
7.5010	0.6799	30.3301	1.1112	15.5245
7.3196	0.6711	30.0506	1.0480	15.3300
7.2633	0.6696	27.6701	1.0636	15.0629
7.3831	0.6852	29.7364	1.1577	15.3944
7.3671	0.6732	31.3363	1.0407	15.3844
7.2851	0.6712	29.6191	1.1321	15.4922
7.4997	0.6949	28.8832	1.1908	15.6129


IPCC
==========================================
7.2963	0.6768	34.5781	0.5942	8.5672
7.4848	0.6809	32.9096	0.6060	8.6224
7.4579	0.6828	35.7348	0.6040	8.8113
7.4985	0.6786	36.3670	0.5887	8.5331
7.5402	0.6826	35.7313	0.6074	8.6680
7.5553	0.6932	35.6615	0.6044	8.6523
7.4313	0.6904	34.3860	0.5928	8.4461
7.4692	0.6764	36.6747	0.6060	8.8106
7.5162	0.6999	33.7792	0.6061	8.8112
7.5124	0.6884	35.7367	0.5998	8.6863
7.3352	0.6816	34.3208	0.5921	8.5059
7.4300	0.6732	33.5560	0.5935	8.4789
7.4973	0.6915	32.5177	0.6020	8.5940
7.5029	0.6801	34.1232	0.6010	8.6138
7.3797	0.6766	33.8342	0.5920	8.5480
7.3674	0.6792	31.4641	0.6048	8.6229
7.4868	0.6949	33.2924	0.6006	8.7030
7.4629	0.6820	34.9676	0.6071	8.7189
7.3163	0.6741	33.6830	0.5942	8.6484
7.4148	0.6871	33.3299	0.5990	8.5980


UIPCC
==========================================
6.9218	0.6421	32.1942	1.0177	12.6028
6.9816	0.6352	30.0525	1.0305	12.5625
6.9758	0.6387	33.0587	0.9646	12.5963
7.0341	0.6366	33.5507	0.9897	12.5915
7.0333	0.6367	32.8766	0.9912	12.5750
7.0479	0.6467	32.9544	0.9923	12.3111
6.9649	0.6471	31.6831	0.9877	12.4829
7.0142	0.6352	34.0192	0.9989	12.8697
6.9501	0.6472	30.5876	0.9843	12.4198
7.0111	0.6425	33.1566	0.9835	12.4611
6.8490	0.6364	31.1641	0.9743	12.2109
6.9212	0.6271	30.5600	0.9606	12.1540
6.9910	0.6448	29.6613	0.9818	12.2472
7.0750	0.6413	31.3777	0.9921	12.7116
6.9275	0.6351	31.0006	0.9400	12.3366
6.8901	0.6352	28.4521	0.9802	12.4017
6.9970	0.6494	30.5312	1.0167	12.5701
6.9924	0.6390	32.2275	1.0027	12.5873
6.8639	0.6324	30.8053	1.0123	12.5959
7.0130	0.6498	30.1695	1.0725	12.5291


