Metric: | MAE	| NMAE	| RMSE	| MRE	| NPRE	
==========================================
UMEAN
Avg:	14.6483	1.3269	53.6640	3.9334	24.7026
Std:	0.0239	0.0096	1.9390	0.0420	0.2559
==========================================
IMEAN
Avg:	7.6867	0.6963	42.9145	0.5482	7.3087
Std:	0.0566	0.0052	1.9694	0.0021	0.0684
==========================================
UPCC
Avg:	7.8361	0.7099	36.0342	1.2533	15.7329
Std:	0.0864	0.0114	1.9649	0.0415	0.2731
==========================================
IPCC
Avg:	7.7444	0.7015	38.7207	0.6114	8.7924
Std:	0.1100	0.0091	2.5646	0.0052	0.0939
==========================================
UIPCC
Avg:	7.3608	0.6668	36.4195	1.0807	12.7039
Std:	0.0864	0.0085	2.5387	0.0279	0.1214
==========================================


Detailed results for 20 rounds:
==========================================
UMEAN
==========================================
14.6516	1.3213	55.4765	3.9331	24.6759
14.6328	1.3338	54.2642	3.9321	24.9581
14.6434	1.3255	55.0506	3.9694	24.6938
14.6495	1.3226	54.2752	3.8615	24.4698
14.6472	1.3311	54.4437	3.9638	24.6643
14.6035	1.3359	48.9762	3.9094	24.8390
14.6454	1.3166	54.5077	3.9041	24.8196
14.6374	1.3361	51.7657	3.9468	24.8239
14.6130	1.3341	54.3096	3.9492	24.7814
14.6093	1.3480	48.9670	3.9910	25.2069
14.6988	1.3116	56.3521	3.8729	24.2623
14.6576	1.3319	51.7763	3.9498	25.1650
14.6567	1.3251	53.4805	3.9332	24.7555
14.6696	1.3214	56.4203	3.9138	24.6772
14.6472	1.3384	54.3345	4.0208	24.7660
14.6686	1.3201	54.0556	3.9583	24.5452
14.6793	1.3166	54.4717	3.8936	24.0683
14.6846	1.3082	53.6412	3.8717	24.6001
14.6321	1.3325	53.4293	3.9936	24.7405
14.6386	1.3281	53.2823	3.8996	24.5392


IMEAN
==========================================
7.6705	0.6917	44.8311	0.5479	7.3308
7.7048	0.7023	43.8933	0.5507	7.3656
7.6920	0.6963	44.2618	0.5507	7.3706
7.7472	0.6994	43.4057	0.5473	7.3471
7.7084	0.7005	43.7964	0.5481	7.2526
7.6169	0.6968	38.0718	0.5453	7.2266
7.7336	0.6952	44.0758	0.5509	7.4277
7.5452	0.6887	40.6509	0.5469	7.2681
7.7236	0.7051	44.0514	0.5474	7.2545
7.6205	0.7032	38.5296	0.5531	7.3390
7.7279	0.6895	45.3259	0.5468	7.2753
7.6820	0.6980	40.9987	0.5490	7.3805
7.6347	0.6902	42.2608	0.5495	7.3282
7.7973	0.7023	45.8518	0.5507	7.4413
7.6119	0.6955	43.6569	0.5479	7.2311
7.6886	0.6920	42.8782	0.5474	7.3670
7.6843	0.6892	43.3798	0.5449	7.2412
7.7347	0.6891	42.3824	0.5471	7.2570
7.6804	0.6994	43.1619	0.5452	7.1941
7.7301	0.7013	42.8265	0.5474	7.2759


UPCC
==========================================
7.7960	0.7030	38.0034	1.2604	15.5975
7.9461	0.7243	37.0355	1.2948	15.9834
7.7946	0.7056	36.6970	1.1993	16.0420
7.8454	0.7083	36.3948	1.2739	15.6443
7.7651	0.7057	36.0904	1.2601	15.5788
7.8736	0.7203	31.4104	1.2715	15.6985
7.8921	0.7095	37.5685	1.2682	15.7607
7.8728	0.7186	33.9665	1.3088	16.0722
7.9173	0.7228	37.0021	1.2865	15.5582
7.8687	0.7261	31.9080	1.2310	15.9925
7.7688	0.6932	38.2997	1.1944	15.5526
7.7430	0.7036	34.4480	1.2136	15.4032
7.8308	0.7080	35.4736	1.1992	16.1272
7.8050	0.7030	39.8685	1.2047	15.4004
7.7711	0.7101	36.5178	1.2112	15.9503
7.8022	0.7022	35.6041	1.2709	15.8014
7.7127	0.6918	36.6645	1.2276	15.1335
7.7917	0.6941	34.6809	1.2409	15.4476
7.8105	0.7113	36.5352	1.3058	15.7720
8.1148	0.7362	36.5148	1.3431	16.1413


IPCC
==========================================
7.7864	0.7022	42.1468	0.6107	8.8096
7.7062	0.7024	40.2670	0.6108	8.8256
7.7773	0.7040	40.6731	0.6161	8.9037
7.8188	0.7059	39.8869	0.6178	8.8581
7.7854	0.7075	39.4653	0.6038	8.8686
7.6432	0.6992	33.4424	0.6139	8.7938
7.7904	0.7003	40.5250	0.6161	8.9527
7.5937	0.6932	35.3305	0.6028	8.7173
7.7256	0.7053	39.0694	0.6118	8.5922
7.5714	0.6986	34.3513	0.6072	8.6807
7.8220	0.6980	41.8833	0.6115	8.7388
7.7612	0.7052	35.8297	0.6130	8.8038
7.7114	0.6972	37.7498	0.6126	8.8160
7.8234	0.7047	43.6844	0.6037	8.6839
7.5749	0.6921	38.6673	0.6123	8.8094
7.6902	0.6921	37.1716	0.6135	8.7714
7.7369	0.6940	39.1328	0.6124	8.7637
7.7431	0.6898	37.1356	0.6057	8.8170
7.7354	0.7044	38.4173	0.6070	8.6640
8.0903	0.7340	39.5846	0.6246	8.9782


UIPCC
==========================================
7.3768	0.6652	39.5207	1.0765	12.6394
7.3940	0.6740	37.9485	1.0900	12.7145
7.3665	0.6668	38.0326	1.0657	12.8037
7.4183	0.6697	37.3768	1.0940	12.7450
7.3729	0.6700	37.0647	1.0706	12.6943
7.3059	0.6683	30.9054	1.1034	12.6959
7.4016	0.6654	38.2632	1.0985	12.8718
7.2597	0.6627	33.1801	1.1009	12.7619
7.3995	0.6756	37.2421	1.0931	12.6456
7.2528	0.6692	31.5911	1.0828	12.7092
7.3849	0.6589	39.4508	1.0589	12.6068
7.3240	0.6655	33.7260	1.0565	12.6568
7.3262	0.6623	35.4657	1.0660	12.8210
7.4143	0.6678	41.2030	1.0312	12.6012
7.2366	0.6612	36.7619	1.0622	12.7328
7.3058	0.6575	35.2494	1.0846	12.6944
7.3200	0.6566	37.0497	1.0564	12.4368
7.3505	0.6548	34.9210	1.0647	12.6677
7.3451	0.6689	36.4180	1.0855	12.5453
7.6607	0.6951	37.0187	1.1734	13.0340


