Metric: | MAE	| NMAE	| RMSE	| MRE	| NPRE	
==========================================
UMEAN
Avg:	1.1036	0.8913	2.2048	1.3801	8.7000
Std:	0.0070	0.0058	0.0034	0.0372	0.1615
==========================================
IMEAN
Avg:	1.1440	0.9240	2.2822	0.8842	7.1968
Std:	0.0098	0.0082	0.0131	0.0079	0.1500
==========================================
UPCC
Avg:	0.8813	0.7118	1.8196	0.7463	6.1562
Std:	0.0084	0.0069	0.0109	0.0108	0.1330
==========================================
IPCC
Avg:	0.9790	0.7907	1.9488	0.7619	6.1914
Std:	0.0100	0.0083	0.0159	0.0072	0.1338
==========================================
UIPCC
Avg:	0.8789	0.7099	1.8145	0.7319	6.0858
Std:	0.0086	0.0071	0.0108	0.0110	0.1268
==========================================


Detailed results for 20 rounds:
==========================================
UMEAN
==========================================
1.1022	0.8896	2.2073	1.3494	8.5666
1.1052	0.8922	2.2103	1.3849	8.7042
1.1083	0.8952	2.2055	1.3852	8.7644
1.0923	0.8826	2.1989	1.3539	8.4735
1.1151	0.9017	2.2020	1.4487	9.0294
1.0960	0.8834	2.2081	1.3232	8.5150
1.0981	0.8884	2.2025	1.3503	8.5764
1.1195	0.9044	2.2061	1.4741	9.0150
1.1030	0.8904	2.2071	1.3675	8.6807
1.1031	0.8909	2.2025	1.4093	8.7323
1.0915	0.8804	2.2075	1.3172	8.4419
1.1040	0.8910	2.2055	1.3841	8.7433
1.1017	0.8900	2.2054	1.3737	8.6604
1.1019	0.8889	2.2101	1.3596	8.5399
1.1050	0.8922	2.2031	1.3942	8.8165
1.1069	0.8942	2.2049	1.3718	8.8261
1.0961	0.8863	2.2002	1.3555	8.5484
1.0994	0.8906	2.1968	1.3783	8.6876
1.1130	0.8992	2.2060	1.4150	8.8754
1.1088	0.8945	2.2065	1.4069	8.8026


IMEAN
==========================================
1.1424	0.9220	2.2751	0.8846	7.2106
1.1424	0.9223	2.2717	0.8915	7.2082
1.1309	0.9135	2.2656	0.8799	6.9929
1.1334	0.9158	2.2993	0.8620	6.8961
1.1395	0.9215	2.2693	0.8884	7.1386
1.1467	0.9242	2.2900	0.8848	7.1015
1.1659	0.9433	2.3130	0.8908	7.5454
1.1530	0.9314	2.2832	0.8914	7.3515
1.1531	0.9309	2.2840	0.8932	7.2354
1.1453	0.9250	2.2954	0.8766	7.1321
1.1242	0.9067	2.2679	0.8740	7.0529
1.1421	0.9218	2.2694	0.8748	7.1355
1.1471	0.9267	2.2830	0.8933	7.2483
1.1436	0.9225	2.2790	0.8898	7.2560
1.1409	0.9211	2.2709	0.8858	7.0781
1.1413	0.9221	2.2819	0.8850	7.2685
1.1417	0.9232	2.2700	0.8868	7.3316
1.1431	0.9260	2.2825	0.8820	7.1642
1.1660	0.9420	2.3083	0.8921	7.4758
1.1377	0.9178	2.2849	0.8777	7.1123


UPCC
==========================================
0.8808	0.7108	1.8118	0.7496	6.1998
0.8742	0.7058	1.8081	0.7481	6.1573
0.8774	0.7087	1.8052	0.7502	6.1483
0.8719	0.7045	1.8294	0.7300	6.0058
0.8767	0.7090	1.8055	0.7554	6.1655
0.8946	0.7211	1.8443	0.7600	6.1805
0.8960	0.7249	1.8333	0.7582	6.3843
0.8824	0.7128	1.8201	0.7363	6.2254
0.8816	0.7117	1.8160	0.7487	6.1296
0.8833	0.7134	1.8308	0.7418	6.1477
0.8642	0.6970	1.8174	0.7170	5.7720
0.8834	0.7130	1.8096	0.7478	6.1998
0.8819	0.7124	1.8218	0.7456	6.1790
0.8768	0.7073	1.8216	0.7432	6.1819
0.8758	0.7071	1.8034	0.7426	6.0280
0.8833	0.7136	1.8184	0.7532	6.2585
0.8766	0.7089	1.8117	0.7457	6.0694
0.8804	0.7132	1.8199	0.7379	6.1423
0.9030	0.7295	1.8349	0.7682	6.4440
0.8818	0.7113	1.8291	0.7466	6.1050


IPCC
==========================================
0.9868	0.7964	1.9507	0.7654	6.3039
0.9660	0.7799	1.9309	0.7603	6.0626
0.9685	0.7823	1.9274	0.7604	6.0427
0.9740	0.7870	1.9737	0.7486	5.9782
0.9694	0.7839	1.9283	0.7654	6.0936
0.9835	0.7927	1.9567	0.7583	6.1590
0.9969	0.8066	1.9829	0.7702	6.4131
0.9882	0.7983	1.9523	0.7740	6.3046
0.9836	0.7941	1.9431	0.7701	6.2258
0.9844	0.7950	1.9627	0.7582	6.2499
0.9588	0.7733	1.9348	0.7475	5.9800
0.9766	0.7882	1.9325	0.7570	6.1580
0.9847	0.7955	1.9536	0.7686	6.2759
0.9749	0.7864	1.9445	0.7647	6.1805
0.9760	0.7880	1.9342	0.7608	6.0677
0.9787	0.7907	1.9519	0.7622	6.2935
0.9693	0.7839	1.9322	0.7600	6.1577
0.9803	0.7941	1.9513	0.7631	6.2299
1.0013	0.8089	1.9751	0.7721	6.5080
0.9778	0.7888	1.9581	0.7501	6.1431


UIPCC
==========================================
0.8803	0.7104	1.8078	0.7379	6.1256
0.8704	0.7027	1.8029	0.7314	6.0608
0.8738	0.7058	1.7993	0.7344	6.0449
0.8702	0.7031	1.8261	0.7139	5.9125
0.8737	0.7065	1.8001	0.7406	6.0665
0.8904	0.7176	1.8345	0.7443	6.0806
0.8942	0.7234	1.8304	0.7406	6.2982
0.8807	0.7114	1.8137	0.7269	6.1471
0.8798	0.7102	1.8109	0.7358	6.0847
0.8818	0.7122	1.8264	0.7292	6.0925
0.8612	0.6946	1.8110	0.7011	5.7684
0.8808	0.7109	1.8039	0.7321	6.1433
0.8806	0.7114	1.8174	0.7335	6.1443
0.8739	0.7050	1.8149	0.7294	6.0766
0.8741	0.7057	1.7995	0.7292	5.9575
0.8803	0.7111	1.8145	0.7362	6.1940
0.8736	0.7065	1.8061	0.7300	5.9979
0.8785	0.7116	1.8160	0.7232	6.0886
0.9010	0.7279	1.8304	0.7571	6.3904
0.8791	0.7092	1.8246	0.7303	6.0415


