Metric: | MAE	| NMAE	| RMSE	| MRE	| NPRE	
==========================================
UMEAN
Avg:	15.2921	1.3325	56.1842	4.0149	24.1457
Std:	0.1610	0.0091	2.4569	0.0278	0.2610
==========================================
IMEAN
Avg:	7.8052	0.6801	44.3900	0.5410	7.4386
Std:	0.1259	0.0047	2.5508	0.0032	0.1176
==========================================
UPCC
Avg:	7.6513	0.6667	35.8272	1.0607	15.4334
Std:	0.1289	0.0130	2.3970	0.0416	0.2245
==========================================
IPCC
Avg:	7.1319	0.6214	35.1848	0.5541	7.9424
Std:	0.1313	0.0068	2.2323	0.0071	0.1510
==========================================
UIPCC
Avg:	6.8260	0.5948	33.2267	0.9688	12.1363
Std:	0.1119	0.0078	2.3112	0.0237	0.2168
==========================================


Detailed results for 20 rounds:
==========================================
UMEAN
==========================================
15.1495	1.3389	53.8311	4.0117	24.4085
15.1027	1.3346	52.7832	3.9584	24.3135
15.2609	1.3274	58.3266	4.0146	23.6862
15.3061	1.3296	57.0289	3.9849	24.1566
15.1393	1.3428	56.7756	4.0395	24.0716
15.3692	1.3283	57.3673	3.9862	24.5385
15.4088	1.3292	55.7457	4.0121	23.8422
15.1169	1.3466	55.6878	4.0756	24.3683
15.4704	1.3254	56.4059	4.0224	23.7872
14.9830	1.3546	56.6427	4.0533	24.2928
14.9672	1.3490	50.3444	4.0356	24.1439
15.3546	1.3234	53.7053	3.9768	24.2783
15.2608	1.3336	54.4659	4.0155	23.9224
15.4129	1.3264	53.2226	4.0282	23.9596
15.4727	1.3252	59.8016	4.0001	24.4128
15.3304	1.3298	57.9846	3.9767	24.2098
15.5473	1.3190	57.3106	4.0224	23.6156
15.3591	1.3271	57.0496	4.0186	24.1104
15.3925	1.3301	58.5541	4.0441	24.4838
15.4368	1.3284	60.6497	4.0205	24.3127


IMEAN
==========================================
7.6166	0.6732	41.5427	0.5400	7.5811
7.7791	0.6874	41.2139	0.5381	7.3030
7.7997	0.6784	47.2168	0.5388	7.4384
7.8533	0.6822	45.6780	0.5457	7.6074
7.6503	0.6786	45.0409	0.5395	7.3831
7.8301	0.6767	44.8452	0.5465	7.4423
7.8805	0.6798	43.4688	0.5402	7.4371
7.6553	0.6820	44.4348	0.5474	7.5819
7.8625	0.6736	44.2847	0.5372	7.3203
7.5528	0.6829	46.1681	0.5418	7.4337
7.6072	0.6856	39.3856	0.5424	7.2507
7.7844	0.6709	41.0612	0.5393	7.4550
7.7650	0.6786	42.2428	0.5428	7.4376
7.9946	0.6880	40.7918	0.5432	7.3937
7.9909	0.6844	47.6445	0.5433	7.5258
7.8676	0.6825	46.3151	0.5402	7.2733
7.9295	0.6727	44.9011	0.5391	7.2364
7.8872	0.6815	46.0452	0.5362	7.6385
7.8570	0.6789	46.3540	0.5431	7.5735
7.9398	0.6832	49.1644	0.5359	7.4585


UPCC
==========================================
7.5255	0.6651	32.7063	1.0715	15.5010
7.6116	0.6726	34.1097	1.0960	15.4663
7.5324	0.6552	38.1990	0.9852	15.3846
7.6371	0.6634	36.7829	1.0407	15.1209
7.3894	0.6554	34.5996	1.0293	15.5175
7.6696	0.6629	37.4538	1.0265	15.3262
7.4315	0.6411	34.0567	1.0167	15.1133
7.7562	0.6909	37.9244	1.1192	15.8679
7.7717	0.6658	35.1899	1.1303	15.7142
7.6602	0.6926	37.3289	1.1390	15.7851
7.5130	0.6771	31.2261	1.0479	15.3160
7.5211	0.6483	32.2490	1.0278	15.2458
7.6908	0.6721	34.5758	1.0255	15.4393
7.8429	0.6749	32.4157	1.1265	15.5358
7.6348	0.6539	36.9689	1.0506	15.2742
7.8373	0.6798	37.7541	1.0849	15.5272
7.7334	0.6561	36.9816	1.0648	15.0524
7.8015	0.6741	38.5914	1.0339	15.5450
7.7864	0.6728	37.3940	1.0413	15.7291
7.6795	0.6608	40.0360	1.0572	15.2062


IPCC
==========================================
6.9081	0.6106	32.4548	0.5508	8.1546
7.2000	0.6362	37.1246	0.5549	7.8891
7.0927	0.6169	37.2699	0.5418	7.8655
7.2606	0.6307	35.0235	0.5765	8.3021
6.9783	0.6190	35.2221	0.5525	7.9404
7.2023	0.6225	37.6542	0.5558	7.8060
7.1147	0.6137	34.4004	0.5558	8.0499
7.0240	0.6257	38.6866	0.5479	7.9312
7.1833	0.6154	34.2212	0.5497	8.0460
6.8869	0.6227	35.2307	0.5554	8.0736
6.8941	0.6213	31.3579	0.5458	7.7631
7.1834	0.6191	32.8781	0.5529	8.0648
7.0723	0.6180	31.0451	0.5612	7.9006
7.3507	0.6326	35.2608	0.5633	7.9099
7.2447	0.6205	36.4445	0.5493	8.0024
7.2520	0.6291	34.1776	0.5571	7.8351
7.2172	0.6123	33.1225	0.5497	7.5702
7.1793	0.6203	37.4378	0.5546	7.9748
7.1171	0.6150	35.6366	0.5519	7.8455
7.2771	0.6262	39.0477	0.5552	7.9230


UIPCC
==========================================
6.6379	0.5867	30.0743	0.9690	12.2804
6.8491	0.6052	33.3474	0.9846	12.1919
6.7957	0.5911	35.9903	0.9211	11.7963
6.9009	0.5995	33.9095	0.9910	12.2265
6.6323	0.5883	33.2815	0.9682	12.1546
6.8749	0.5942	35.4189	0.9464	12.0454
6.7184	0.5795	31.6915	0.9442	11.9373
6.8135	0.6070	35.8249	1.0073	12.2509
6.8817	0.5896	31.9921	0.9967	12.3226
6.7000	0.6058	34.5402	1.0101	12.4603
6.6235	0.5970	28.8708	0.9549	11.9890
6.7914	0.5854	30.3044	0.9555	12.3817
6.7921	0.5935	29.9998	0.9733	12.1431
7.0305	0.6050	31.4374	0.9974	12.1264
6.9109	0.5919	34.8701	0.9447	12.5125
6.9762	0.6051	33.6995	0.9924	12.0046
6.8890	0.5844	31.6851	0.9538	11.6503
6.8936	0.5956	35.7789	0.9482	12.1545
6.8753	0.5941	34.4452	0.9587	12.2717
6.9328	0.5966	37.3717	0.9594	11.8268


