Metric: | MAE	| NMAE	| RMSE	| MRE	| NPRE	
==========================================
UMEAN
Avg:	1.0969	0.8919	2.1893	1.3790	8.7396
Std:	0.0068	0.0059	0.0043	0.0310	0.1744
==========================================
IMEAN
Avg:	1.1242	0.9141	2.2114	0.8899	7.2102
Std:	0.0061	0.0053	0.0079	0.0056	0.1211
==========================================
UPCC
Avg:	0.8578	0.6975	1.7598	0.7386	6.0727
Std:	0.0062	0.0053	0.0082	0.0117	0.1204
==========================================
IPCC
Avg:	0.9523	0.7743	1.8843	0.7574	6.0822
Std:	0.0068	0.0058	0.0101	0.0059	0.1117
==========================================
UIPCC
Avg:	0.8551	0.6953	1.7550	0.7228	5.9902
Std:	0.0059	0.0050	0.0081	0.0113	0.1155
==========================================


Detailed results for 20 rounds:
==========================================
UMEAN
==========================================
1.0984	0.8916	2.1939	1.3798	8.7468
1.1152	0.9099	2.1801	1.4659	9.1481
1.0927	0.8888	2.1891	1.3701	8.5699
1.1018	0.8954	2.1889	1.4104	8.8699
1.0995	0.8941	2.1908	1.3648	8.6975
1.1075	0.8996	2.1929	1.4291	9.0005
1.0966	0.8924	2.1888	1.3808	8.7065
1.0901	0.8850	2.1925	1.3379	8.5409
1.1002	0.8943	2.1917	1.3903	8.8243
1.0895	0.8866	2.1868	1.3616	8.6638
1.0992	0.8955	2.1830	1.4036	8.9647
1.0971	0.8913	2.1913	1.3824	8.7807
1.0924	0.8864	2.1938	1.3578	8.5042
1.0964	0.8931	2.1867	1.3529	8.6637
1.1067	0.8981	2.1953	1.3953	8.9883
1.0938	0.8884	2.1920	1.3514	8.6962
1.0936	0.8893	2.1870	1.3902	8.6816
1.0905	0.8887	2.1798	1.3631	8.6849
1.0893	0.8846	2.1924	1.3634	8.5403
1.0881	0.8851	2.1898	1.3302	8.5185


IMEAN
==========================================
1.1275	0.9152	2.2186	0.8868	7.1137
1.1274	0.9199	2.2022	0.8917	7.3968
1.1164	0.9080	2.2041	0.8883	7.2088
1.1254	0.9146	2.2159	0.8750	7.0985
1.1154	0.9071	2.2000	0.8871	7.2316
1.1347	0.9218	2.2269	0.8912	7.2961
1.1246	0.9152	2.2142	0.8906	7.2520
1.1127	0.9034	2.2048	0.8784	7.1415
1.1253	0.9147	2.2072	0.8959	7.2333
1.1270	0.9172	2.2165	0.8958	7.2148
1.1220	0.9140	2.1989	0.8938	7.1757
1.1221	0.9116	2.2059	0.8918	7.2057
1.1314	0.9181	2.2283	0.8889	7.2104
1.1349	0.9245	2.2117	0.8955	7.4045
1.1197	0.9087	2.2171	0.8904	7.0426
1.1145	0.9052	2.2087	0.8820	6.9202
1.1238	0.9138	2.2179	0.8913	7.1489
1.1223	0.9146	2.2108	0.8931	7.2402
1.1285	0.9164	2.2110	0.8955	7.2011
1.1290	0.9183	2.2072	0.8947	7.4668


UPCC
==========================================
0.8612	0.6991	1.7730	0.7319	6.0544
0.8685	0.7086	1.7519	0.7511	6.3505
0.8458	0.6880	1.7569	0.7293	5.9151
0.8561	0.6957	1.7549	0.7380	6.0762
0.8592	0.6987	1.7518	0.7579	6.1215
0.8626	0.7007	1.7680	0.7397	6.1085
0.8601	0.7000	1.7572	0.7534	6.0950
0.8549	0.6940	1.7633	0.7187	6.0819
0.8639	0.7023	1.7637	0.7435	6.2183
0.8523	0.6936	1.7587	0.7384	5.9040
0.8568	0.6980	1.7532	0.7483	6.1256
0.8558	0.6953	1.7547	0.7322	5.9882
0.8601	0.6979	1.7828	0.7341	5.9608
0.8670	0.7063	1.7613	0.7507	6.2398
0.8683	0.7047	1.7714	0.7551	6.2435
0.8550	0.6945	1.7572	0.7229	6.0060
0.8475	0.6891	1.7566	0.7174	5.8901
0.8558	0.6974	1.7576	0.7404	6.0318
0.8500	0.6902	1.7527	0.7267	5.9523
0.8549	0.6953	1.7498	0.7421	6.0903


IPCC
==========================================
0.9589	0.7783	1.8962	0.7563	6.0772
0.9609	0.7840	1.8791	0.7672	6.3180
0.9368	0.7619	1.8693	0.7492	5.9273
0.9546	0.7758	1.8866	0.7526	6.0358
0.9542	0.7759	1.8752	0.7649	6.1889
0.9638	0.7829	1.9038	0.7632	6.1566
0.9548	0.7770	1.8887	0.7577	6.0635
0.9436	0.7661	1.8759	0.7430	6.0360
0.9500	0.7723	1.8821	0.7557	6.1307
0.9515	0.7743	1.8859	0.7625	6.0378
0.9456	0.7704	1.8691	0.7600	6.0617
0.9517	0.7732	1.8791	0.7630	6.0847
0.9596	0.7787	1.9043	0.7558	6.0842
0.9637	0.7850	1.8877	0.7611	6.2581
0.9496	0.7706	1.8908	0.7564	6.0052
0.9431	0.7660	1.8782	0.7474	5.8239
0.9532	0.7751	1.8980	0.7585	5.9962
0.9503	0.7745	1.8816	0.7562	6.1088
0.9481	0.7699	1.8777	0.7569	6.0057
0.9530	0.7752	1.8755	0.7614	6.2433


UIPCC
==========================================
0.8590	0.6972	1.7670	0.7167	5.9930
0.8650	0.7058	1.7469	0.7374	6.2653
0.8422	0.6850	1.7514	0.7101	5.8103
0.8539	0.6939	1.7512	0.7212	6.0188
0.8563	0.6963	1.7467	0.7402	6.0300
0.8609	0.6993	1.7651	0.7251	6.0378
0.8575	0.6978	1.7544	0.7362	6.0061
0.8517	0.6914	1.7577	0.7024	5.9740
0.8599	0.6990	1.7582	0.7249	6.1249
0.8504	0.6921	1.7542	0.7236	5.8320
0.8528	0.6947	1.7462	0.7352	6.0451
0.8537	0.6935	1.7490	0.7203	5.9479
0.8584	0.6965	1.7769	0.7206	5.8887
0.8645	0.7042	1.7559	0.7355	6.1730
0.8633	0.7006	1.7666	0.7345	6.0943
0.8513	0.6914	1.7525	0.7053	5.8717
0.8464	0.6882	1.7544	0.7052	5.8354
0.8536	0.6957	1.7535	0.7243	5.9523
0.8480	0.6886	1.7483	0.7116	5.8853
0.8529	0.6938	1.7448	0.7265	6.0174


