Metric: | MAE	| NMAE	| RMSE	| MRE	| NPRE	
==========================================
UMEAN
Avg:	15.5400	1.3412	53.3822	4.0414	27.0087
Std:	0.1568	0.0159	0.3725	0.1018	0.8161
==========================================
IMEAN
Avg:	9.0627	0.7822	44.3888	0.5870	7.3425
Std:	0.1106	0.0096	0.9783	0.0025	0.0608
==========================================
UPCC
Avg:	11.1935	0.9661	43.4619	2.0781	18.5545
Std:	0.1826	0.0169	0.7100	0.0872	0.6474
==========================================
IPCC
Avg:	10.7339	0.9264	45.4260	0.8067	11.3173
Std:	0.1863	0.0175	1.1422	0.0118	0.3547
==========================================
UIPCC
Avg:	10.6287	0.9173	44.1133	1.6272	15.1650
Std:	0.1716	0.0161	0.8645	0.0584	0.4469
==========================================


Detailed results for 20 rounds:
==========================================
UMEAN
==========================================
15.5691	1.3449	53.6003	4.0291	26.9939
15.6460	1.3508	53.2796	4.1839	27.2023
15.3204	1.3202	53.7177	3.8705	25.6807
15.5269	1.3400	53.5541	4.0240	27.8079
15.3381	1.3207	53.4478	3.8895	25.3570
15.3283	1.3187	53.8323	3.9721	26.4595
15.6556	1.3542	53.3654	4.0653	27.1874
15.6279	1.3492	53.4132	3.9853	27.1234
15.4838	1.3359	53.6109	4.0714	27.4503
15.4186	1.3291	53.7700	3.9368	26.4847
15.7185	1.3626	53.3338	4.2473	28.4572
15.5741	1.3440	53.6282	4.1236	26.3703
15.6417	1.3515	53.3637	4.0300	26.8521
15.4428	1.3318	53.4729	4.0805	26.8504
15.4508	1.3308	53.7426	4.0222	26.3214
15.5226	1.3398	52.6607	4.0375	27.6251
15.5225	1.3414	52.4467	4.0774	27.7453
15.9949	1.3861	53.4382	4.2276	28.4984
15.6435	1.3496	52.6331	4.0731	27.6008
15.3746	1.3229	53.3328	3.8804	26.1057


IMEAN
==========================================
9.1173	0.7876	44.2603	0.5831	7.4083
8.9682	0.7743	44.3819	0.5829	7.2634
9.1114	0.7851	44.1699	0.5865	7.4419
9.0404	0.7802	44.0621	0.5889	7.4036
9.0525	0.7795	43.8027	0.5809	7.2601
8.9941	0.7737	44.0988	0.5843	7.3638
9.1134	0.7883	43.7327	0.5891	7.4659
8.9502	0.7727	43.7621	0.5862	7.2570
9.0720	0.7827	44.4959	0.5878	7.2972
9.1048	0.7848	45.5834	0.5879	7.2626
8.8977	0.7713	43.5749	0.5862	7.3098
9.1313	0.7880	44.2072	0.5867	7.3251
9.1045	0.7866	44.3440	0.5889	7.2982
8.9741	0.7739	43.8930	0.5895	7.3972
8.9225	0.7685	44.0083	0.5902	7.3238
8.8996	0.7682	43.1332	0.5867	7.3255
9.3118	0.8047	46.0175	0.5911	7.3804
9.0470	0.7840	44.2563	0.5877	7.3802
9.2834	0.8009	47.6959	0.5876	7.3142
9.1580	0.7880	44.2961	0.5875	7.3711


UPCC
==========================================
11.4899	0.9925	43.4304	2.2332	19.1625
11.1590	0.9634	43.6017	2.2399	18.7594
11.1001	0.9565	43.4374	2.0023	17.6063
11.0730	0.9556	43.0783	2.0278	18.9211
11.0257	0.9494	42.9471	2.0837	17.3774
10.9875	0.9452	43.3952	1.9498	17.8059
11.3996	0.9861	42.8235	2.1202	18.9777
11.1727	0.9646	42.9405	2.0683	18.2039
11.1120	0.9587	43.5964	1.9932	18.7242
11.1117	0.9578	44.8348	2.0085	17.9187
11.1116	0.9632	42.6017	2.1748	19.4920
11.2258	0.9687	43.5228	2.1534	18.2584
11.2889	0.9754	43.5621	2.1395	18.1559
10.9242	0.9421	43.2780	2.0532	18.2291
10.9462	0.9428	43.1213	1.9380	18.3410
11.1113	0.9591	42.2931	2.0332	19.3558
11.4678	0.9910	44.5928	2.0995	18.9940
11.5086	0.9974	43.3567	2.1977	19.6645
11.5004	0.9922	45.3333	2.0486	19.2471
11.1548	0.9598	43.4918	1.9982	17.8960


IPCC
==========================================
10.8867	0.9404	45.2943	0.7973	11.3077
10.7531	0.9284	45.4367	0.8124	11.5979
10.5674	0.9106	45.3102	0.7914	10.7901
10.6323	0.9176	44.9009	0.8105	11.2152
10.4272	0.8979	44.4334	0.7908	10.6987
10.5378	0.9065	44.6618	0.8019	11.2297
10.9127	0.9440	44.8186	0.8112	11.6042
10.6066	0.9157	44.7673	0.7883	10.9821
10.4872	0.9048	45.1129	0.7951	10.8927
10.7612	0.9276	46.2446	0.8200	11.4796
10.9145	0.9461	44.7682	0.8207	11.8494
10.7744	0.9298	44.7023	0.8199	11.5476
10.9367	0.9449	45.2269	0.8207	11.6483
10.6482	0.9183	45.0092	0.8006	11.3282
10.5319	0.9071	44.5352	0.8079	11.3375
10.6639	0.9204	45.7808	0.8053	11.0792
11.0086	0.9514	47.9439	0.8111	11.3007
11.0309	0.9560	45.1737	0.8262	12.0926
11.0103	0.9499	49.1823	0.8159	11.5109
10.5866	0.9110	45.2168	0.7877	10.8535


UIPCC
==========================================
10.8208	0.9347	44.0355	1.6916	15.4637
10.6286	0.9176	44.1840	1.7097	15.4928
10.4946	0.9043	44.0554	1.5491	14.3543
10.5210	0.9080	43.6885	1.5971	15.3339
10.3802	0.8938	43.4152	1.5803	14.3340
10.4413	0.8982	43.7545	1.5568	14.7358
10.8011	0.9343	43.4905	1.6747	15.4937
10.5460	0.9105	43.5065	1.5976	14.8759
10.4569	0.9022	44.1064	1.5612	15.0064
10.6240	0.9158	45.2590	1.6146	15.0115
10.6921	0.9269	43.3294	1.7122	15.9403
10.6755	0.9213	43.8411	1.6748	15.1816
10.7808	0.9315	44.0617	1.6859	15.2909
10.4756	0.9034	43.8016	1.5979	14.9548
10.4163	0.8972	43.5725	1.5694	15.0116
10.5533	0.9109	43.5031	1.6104	15.3168
10.9073	0.9426	45.8246	1.6509	15.2831
10.9257	0.9468	43.9156	1.7213	16.0757
10.9098	0.9412	46.8775	1.6517	15.5346
10.5236	0.9055	44.0441	1.5374	14.6095


