Metric: | MAE	| NMAE	| RMSE	| MRE	| NPRE	
==========================================
UMEAN
Avg:	18.8470	1.3609	62.1409	4.4538	27.4963
Std:	0.0735	0.0107	0.9248	0.0643	0.4497
==========================================
IMEAN
Avg:	10.2935	0.7432	50.8685	0.5558	7.1083
Std:	0.0405	0.0035	0.8391	0.0019	0.0464
==========================================
UPCC
Avg:	11.3692	0.8209	46.0008	1.8172	17.8206
Std:	0.1418	0.0124	1.0187	0.0910	0.4339
==========================================
IPCC
Avg:	12.5818	0.9085	50.7417	0.8299	12.8506
Std:	0.1364	0.0097	0.7534	0.0058	0.1472
==========================================
UIPCC
Avg:	11.7129	0.8457	47.8653	1.6385	15.7591
Std:	0.1025	0.0084	0.9271	0.0459	0.1819
==========================================


Detailed results for 20 rounds:
==========================================
UMEAN
==========================================
18.9570	1.3773	61.3262	4.5374	28.1430
18.7262	1.3458	62.8338	4.2984	26.4667
19.0023	1.3854	60.9591	4.5617	28.4506
18.8543	1.3581	61.1907	4.4333	27.2805
18.9515	1.3761	60.3122	4.5382	28.0784
18.7852	1.3506	62.3234	4.3898	27.3275
18.7733	1.3509	62.0087	4.4320	27.0283
18.9047	1.3687	61.9946	4.5589	27.7718
18.8196	1.3534	63.9141	4.4383	27.1518
18.8307	1.3597	63.4177	4.4526	27.3323
18.8036	1.3577	62.9181	4.4635	27.5171
18.7893	1.3542	62.3443	4.4387	27.1516
18.9058	1.3690	62.0549	4.4717	27.6795
18.8861	1.3661	62.2821	4.4077	27.4050
18.7803	1.3532	61.3286	4.4527	27.5894
18.7764	1.3504	62.7207	4.3745	27.1079
18.8021	1.3548	63.3581	4.4409	27.1516
18.9232	1.3707	61.0494	4.4827	28.0503
18.8842	1.3670	61.4964	4.5088	27.7278
18.7850	1.3484	62.9851	4.3952	27.5141


IMEAN
==========================================
10.1940	0.7406	49.9582	0.5525	7.0745
10.3404	0.7431	51.6352	0.5522	7.0346
10.3005	0.7510	50.2251	0.5559	7.1011
10.2560	0.7388	49.7439	0.5555	7.0609
10.3548	0.7519	49.6115	0.5531	7.0864
10.3052	0.7409	51.1595	0.5572	7.1564
10.3362	0.7438	50.9445	0.5557	7.0226
10.3030	0.7459	50.5525	0.5579	7.1679
10.2707	0.7386	52.5462	0.5556	7.1099
10.2753	0.7419	52.0975	0.5596	7.1137
10.2595	0.7408	51.6057	0.5548	7.1003
10.3054	0.7428	50.8086	0.5569	7.1869
10.3023	0.7460	50.7810	0.5579	7.0653
10.2234	0.7395	50.8695	0.5566	7.1681
10.3488	0.7457	50.0089	0.5576	7.1206
10.2959	0.7405	51.0943	0.5567	7.1098
10.2807	0.7408	51.9497	0.5562	7.1901
10.2717	0.7440	49.8306	0.5552	7.0988
10.3007	0.7456	50.1743	0.5527	7.0703
10.3444	0.7425	51.7725	0.5555	7.1279


UPCC
==========================================
11.4877	0.8346	44.9531	1.8649	18.2997
11.4201	0.8207	47.5224	1.7935	17.0460
11.6107	0.8465	45.2499	1.9950	18.6355
11.2151	0.8079	44.6907	1.6956	17.7928
11.5070	0.8355	44.2597	1.8379	18.4871
11.1853	0.8042	46.2143	1.7162	17.5302
11.2928	0.8126	46.6483	1.7225	17.2513
11.1129	0.8045	45.2923	1.6849	17.5361
11.3435	0.8157	47.7259	1.7518	17.7500
11.3158	0.8170	47.4618	1.8594	17.3820
11.1678	0.8064	46.7108	1.8643	17.4513
11.4181	0.8230	46.0314	1.8286	17.8205
11.6512	0.8437	45.8811	1.9588	18.4804
11.3966	0.8243	45.7654	1.8973	17.6398
11.4390	0.8242	45.0327	1.7258	18.0694
11.2293	0.8076	46.1785	1.7459	17.5162
11.3940	0.8210	47.3103	1.7835	17.5188
11.3489	0.8220	45.0806	1.8271	18.0195
11.5268	0.8344	45.0419	1.9890	18.3188
11.3215	0.8127	46.9653	1.8021	17.8663


IPCC
==========================================
12.4776	0.9066	49.7846	0.8268	12.9023
12.6606	0.9099	51.3744	0.8322	12.9192
12.5380	0.9141	49.9864	0.8227	12.6638
12.7706	0.9199	49.6760	0.8371	13.1666
12.6222	0.9165	49.7201	0.8203	12.7741
12.5913	0.9053	50.9091	0.8295	12.9402
12.5004	0.8995	50.7473	0.8261	12.5657
12.5565	0.9091	50.3806	0.8368	13.0147
12.3733	0.8898	51.9803	0.8321	12.7900
12.5144	0.9036	51.4570	0.8418	13.0591
12.4654	0.9001	51.4248	0.8276	12.7568
12.7082	0.9159	50.7549	0.8345	12.7889
12.7562	0.9237	51.0162	0.8267	12.7884
12.4337	0.8994	50.3573	0.8297	12.8110
12.9167	0.9307	51.3229	0.8350	13.0265
12.6195	0.9076	51.0089	0.8338	12.9585
12.5134	0.9016	51.6752	0.8337	12.7634
12.3521	0.8947	49.4081	0.8180	12.6446
12.5990	0.9120	50.1292	0.8250	12.7646
12.6668	0.9092	51.7205	0.8279	12.9142


UIPCC
==========================================
11.6901	0.8493	46.7798	1.6740	16.0464
11.7777	0.8464	48.9210	1.6274	15.5016
11.7715	0.8582	47.0859	1.7281	15.9492
11.7560	0.8468	46.5365	1.6000	15.8413
11.7834	0.8556	46.3029	1.6441	15.9997
11.6469	0.8374	48.0249	1.5889	15.7720
11.6428	0.8378	48.1439	1.5866	15.4454
11.5979	0.8397	47.3956	1.5781	15.8228
11.6056	0.8346	49.5931	1.6129	15.6560
11.6655	0.8423	49.0786	1.6466	15.6723
11.5641	0.8350	48.6145	1.6362	15.5649
11.8077	0.8510	47.8849	1.6520	15.7004
11.9134	0.8626	47.8471	1.7218	16.0852
11.6236	0.8408	47.6379	1.6871	15.6537
11.9423	0.8605	47.5253	1.6184	15.9664
11.6859	0.8405	48.0899	1.6107	15.7133
11.6909	0.8424	49.0838	1.6173	15.5719
11.5698	0.8380	46.7178	1.6024	15.5900
11.7773	0.8525	47.1070	1.7298	15.9089
11.7455	0.8431	48.9365	1.6084	15.7203


