Metric: | MAE	| NMAE	| RMSE	| MRE	| NPRE	
==========================================
UMEAN
Avg:	1.1399	0.9119	2.2784	1.5135	9.1190
Std:	0.0034	0.0027	0.0111	0.0100	0.0643
==========================================
IMEAN
Avg:	1.0474	0.8379	2.0833	1.2537	7.0211
Std:	0.0031	0.0026	0.0094	0.0088	0.0480
==========================================
UPCC
Avg:	0.6316	0.5053	1.4955	0.4409	3.0807
Std:	0.0038	0.0030	0.0094	0.0049	0.0620
==========================================
IPCC
Avg:	0.7405	0.5924	1.5894	0.6412	4.6515
Std:	0.0057	0.0048	0.0096	0.0047	0.0795
==========================================
UIPCC
Avg:	0.6329	0.5063	1.4848	0.4605	3.3571
Std:	0.0038	0.0030	0.0089	0.0048	0.0559
==========================================


Detailed results for 20 rounds:
==========================================
UMEAN
==========================================
1.1403	0.9104	2.2795	1.5060	9.1154
1.1388	0.9085	2.2822	1.5141	9.2037
1.1347	0.9112	2.2647	1.5265	9.0849
1.1417	0.9046	2.2912	1.4895	9.0649
1.1428	0.9101	2.2792	1.5131	9.1651
1.1334	0.9126	2.2587	1.5129	9.1825
1.1464	0.9127	2.2944	1.5133	9.0703
1.1392	0.9105	2.2827	1.4984	9.0424
1.1440	0.9153	2.2874	1.5100	9.1250
1.1380	0.9112	2.2703	1.5063	8.9582
1.1422	0.9104	2.2856	1.5305	9.2296
1.1399	0.9155	2.2806	1.5075	9.0878
1.1398	0.9124	2.2741	1.5123	9.0749
1.1398	0.9114	2.2892	1.5148	9.1440
1.1434	0.9143	2.2802	1.5141	9.1463
1.1327	0.9150	2.2533	1.5335	9.2044
1.1389	0.9133	2.2776	1.5201	9.1254
1.1410	0.9158	2.2768	1.5064	9.1852
1.1429	0.9134	2.2951	1.5201	9.0688
1.1382	0.9096	2.2655	1.5202	9.1008


IMEAN
==========================================
1.0473	0.8361	2.0777	1.2519	7.0110
1.0449	0.8336	2.0879	1.2481	7.0447
1.0481	0.8416	2.0838	1.2559	7.0581
1.0492	0.8313	2.0899	1.2373	6.9508
1.0521	0.8379	2.1006	1.2548	6.9357
1.0416	0.8387	2.0739	1.2523	7.0405
1.0504	0.8362	2.0887	1.2488	7.0399
1.0483	0.8379	2.0760	1.2560	7.0614
1.0483	0.8387	2.0756	1.2745	7.1055
1.0454	0.8371	2.0745	1.2502	6.9101
1.0526	0.8390	2.0987	1.2595	7.0484
1.0424	0.8372	2.0637	1.2570	6.9659
1.0450	0.8365	2.0831	1.2492	7.0079
1.0469	0.8371	2.0868	1.2641	7.0682
1.0455	0.8360	2.0822	1.2415	7.0405
1.0429	0.8425	2.0713	1.2515	7.0446
1.0487	0.8409	2.0821	1.2664	7.0048
1.0468	0.8402	2.0812	1.2619	7.0219
1.0503	0.8394	2.0892	1.2537	6.9953
1.0520	0.8407	2.0991	1.2394	7.0664


UPCC
==========================================
0.6246	0.4987	1.4881	0.4337	2.9574
0.6263	0.4997	1.4930	0.4368	3.0015
0.6334	0.5086	1.5076	0.4393	3.0692
0.6337	0.5021	1.5021	0.4342	2.9654
0.6386	0.5086	1.5076	0.4511	3.1399
0.6267	0.5046	1.4796	0.4420	3.0915
0.6355	0.5060	1.4999	0.4394	3.0806
0.6321	0.5052	1.4975	0.4414	3.1151
0.6359	0.5087	1.4977	0.4497	3.1939
0.6267	0.5018	1.4821	0.4351	3.0256
0.6303	0.5024	1.4990	0.4372	3.0609
0.6258	0.5026	1.4826	0.4375	3.0734
0.6311	0.5051	1.4905	0.4383	3.0383
0.6339	0.5069	1.5055	0.4400	3.1176
0.6333	0.5064	1.5011	0.4409	3.0611
0.6287	0.5079	1.4857	0.4434	3.1489
0.6319	0.5067	1.4794	0.4488	3.1545
0.6343	0.5091	1.5050	0.4454	3.0986
0.6349	0.5074	1.5043	0.4391	3.0588
0.6347	0.5073	1.5014	0.4457	3.1618


IPCC
==========================================
0.7288	0.5818	1.5707	0.6365	4.4747
0.7416	0.5917	1.5950	0.6381	4.7025
0.7449	0.5982	1.5965	0.6376	4.6619
0.7394	0.5858	1.5943	0.6355	4.5850
0.7478	0.5955	1.6004	0.6487	4.7170
0.7325	0.5898	1.5677	0.6417	4.6878
0.7489	0.5963	1.6021	0.6395	4.7187
0.7435	0.5943	1.5876	0.6400	4.6856
0.7409	0.5927	1.5852	0.6464	4.6974
0.7471	0.5982	1.5873	0.6426	4.7719
0.7316	0.5832	1.5868	0.6337	4.5435
0.7385	0.5932	1.5917	0.6431	4.5916
0.7315	0.5855	1.5781	0.6315	4.4926
0.7383	0.5903	1.5912	0.6464	4.6964
0.7443	0.5951	1.5975	0.6423	4.6737
0.7400	0.5978	1.5779	0.6452	4.7504
0.7407	0.5939	1.5834	0.6426	4.6702
0.7375	0.5919	1.5954	0.6395	4.5723
0.7463	0.5965	1.6009	0.6440	4.6696
0.7455	0.5958	1.5976	0.6494	4.6670


UIPCC
==========================================
0.6253	0.4992	1.4754	0.4525	3.2225
0.6291	0.5019	1.4839	0.4593	3.3353
0.6354	0.5103	1.4944	0.4601	3.3602
0.6344	0.5026	1.4915	0.4534	3.2753
0.6395	0.5093	1.4963	0.4686	3.4168
0.6269	0.5048	1.4683	0.4590	3.3675
0.6381	0.5080	1.4900	0.4672	3.3816
0.6339	0.5067	1.4862	0.4607	3.3849
0.6364	0.5092	1.4864	0.4661	3.4410
0.6299	0.5044	1.4724	0.4588	3.3479
0.6305	0.5025	1.4878	0.4532	3.3165
0.6278	0.5042	1.4751	0.4550	3.3526
0.6311	0.5052	1.4794	0.4557	3.3005
0.6344	0.5073	1.4942	0.4600	3.3941
0.6348	0.5076	1.4910	0.4615	3.3120
0.6301	0.5090	1.4740	0.4637	3.4419
0.6337	0.5081	1.4716	0.4690	3.4358
0.6343	0.5091	1.4932	0.4610	3.3338
0.6369	0.5090	1.4942	0.4614	3.3239
0.6361	0.5083	1.4911	0.4641	3.3978


