Metric: | MAE	| NMAE	| RMSE	| MRE	| NPRE	
==========================================
UMEAN
Avg:	19.0165	1.3640	57.8483	4.5071	28.8596
Std:	0.0366	0.0099	1.3350	0.0525	0.3415
==========================================
IMEAN
Avg:	10.1498	0.7280	45.4190	0.5545	6.5099
Std:	0.0763	0.0029	1.4094	0.0016	0.0480
==========================================
UPCC
Avg:	9.6523	0.6923	35.3277	1.4513	17.4568
Std:	0.0939	0.0065	1.6733	0.0530	0.3144
==========================================
IPCC
Avg:	9.3710	0.6721	37.7854	0.6375	8.7458
Std:	0.1162	0.0076	1.5521	0.0069	0.1692
==========================================
UIPCC
Avg:	8.9814	0.6442	34.9997	1.2405	13.2662
Std:	0.0987	0.0060	1.7015	0.0299	0.1833
==========================================


Detailed results for 20 rounds:
==========================================
UMEAN
==========================================
18.9742	1.3669	56.4124	4.5338	29.1413
19.0050	1.3739	56.9742	4.5699	29.3162
18.9689	1.3694	58.5305	4.5239	28.9092
19.0078	1.3625	57.4995	4.4660	29.3223
19.0110	1.3579	58.7426	4.4708	28.4319
18.9694	1.3738	56.0407	4.5157	28.9987
19.0641	1.3609	59.3557	4.5281	28.7688
19.0188	1.3656	56.1488	4.5023	28.9910
19.0846	1.3718	56.4112	4.5500	28.9331
18.9891	1.3631	58.4473	4.4679	28.8273
19.0453	1.3577	59.0382	4.4534	28.4901
19.0027	1.3574	58.2683	4.4881	28.4276
18.9975	1.3793	56.5596	4.6066	29.2145
19.0016	1.3547	57.5494	4.4360	28.6227
18.9767	1.3751	57.1355	4.6152	29.3581
19.0005	1.3801	56.4577	4.5684	29.3578
19.0686	1.3455	57.6885	4.4685	28.3629
19.0914	1.3438	60.9095	4.4402	28.3173
19.0445	1.3555	59.9431	4.4492	28.6896
19.0075	1.3657	58.8533	4.4889	28.7119


IMEAN
==========================================
10.1035	0.7279	44.0933	0.5572	6.5731
10.0346	0.7254	44.4675	0.5543	6.4852
10.1116	0.7300	46.3228	0.5558	6.4607
10.1830	0.7299	45.1656	0.5531	6.5507
10.2410	0.7315	46.4414	0.5554	6.5298
10.0725	0.7295	43.5655	0.5555	6.5492
10.1476	0.7244	46.9400	0.5525	6.4578
10.0928	0.7247	43.4251	0.5530	6.5257
10.1052	0.7264	43.8808	0.5518	6.3973
10.1152	0.7261	46.2340	0.5551	6.5162
10.1959	0.7268	46.5688	0.5534	6.5059
10.2191	0.7299	45.9034	0.5551	6.5191
10.0638	0.7307	44.1225	0.5522	6.4579
10.1961	0.7269	44.9078	0.5567	6.5524
10.1015	0.7320	44.9764	0.5570	6.5690
10.0443	0.7295	43.9284	0.5553	6.5438
10.2166	0.7209	44.6469	0.5544	6.5181
10.3429	0.7280	48.5611	0.5526	6.4190
10.2122	0.7269	47.4697	0.5550	6.5557
10.1971	0.7327	46.7587	0.5549	6.5119


UPCC
==========================================
9.6530	0.6954	34.1586	1.4616	17.8398
9.6766	0.6995	33.9770	1.5599	17.8093
9.5896	0.6923	36.2659	1.4644	17.7261
9.6397	0.6910	35.0923	1.3860	17.5115
9.8391	0.7028	37.0270	1.4248	17.6256
9.5835	0.6941	33.1299	1.5101	17.4936
9.7246	0.6942	36.9465	1.4702	17.6623
9.4657	0.6796	32.8067	1.4694	16.8556
9.5505	0.6865	33.3878	1.4926	16.9384
9.7559	0.7003	36.6740	1.4634	17.4564
9.7053	0.6919	37.2276	1.4875	17.1430
9.6946	0.6925	35.9976	1.4126	17.0954
9.4978	0.6896	33.7111	1.3570	17.6032
9.6667	0.6892	34.4368	1.4300	17.2643
9.7114	0.7037	35.2041	1.4312	18.0817
9.5742	0.6954	33.3861	1.5607	17.6170
9.6554	0.6813	34.3172	1.4040	17.4842
9.7047	0.6831	38.2593	1.3860	17.1264
9.7983	0.6974	38.0341	1.4503	17.6340
9.5599	0.6869	36.5144	1.4050	17.1686


IPCC
==========================================
9.3902	0.6765	35.8906	0.6383	8.7755
9.4543	0.6834	37.4006	0.6425	8.7166
9.1966	0.6639	38.7903	0.6286	8.5471
9.3357	0.6692	37.7028	0.6410	8.7868
9.3766	0.6697	39.4812	0.6290	8.6154
9.2681	0.6712	35.4606	0.6378	8.8287
9.2633	0.6613	39.0037	0.6287	8.4700
9.2222	0.6622	35.3953	0.6416	8.8560
9.2731	0.6665	35.7237	0.6376	8.7494
9.6084	0.6897	39.0265	0.6582	9.1504
9.4186	0.6714	38.9915	0.6336	8.7146
9.3350	0.6668	38.0027	0.6302	8.6030
9.3158	0.6764	36.9338	0.6420	8.5339
9.4066	0.6706	37.3245	0.6385	8.7860
9.4608	0.6855	37.4361	0.6442	8.8589
9.2300	0.6704	36.0025	0.6345	8.7125
9.4355	0.6658	37.1276	0.6321	8.8049
9.5554	0.6726	40.4258	0.6315	8.7914
9.5747	0.6815	40.4791	0.6419	9.0896
9.2998	0.6682	39.1100	0.6384	8.5253


UIPCC
==========================================
8.9989	0.6483	33.1946	1.2568	13.4661
9.0179	0.6519	34.0606	1.3103	13.4261
8.8515	0.6390	36.0952	1.2252	13.2520
8.9593	0.6422	34.9218	1.2206	13.3892
9.0566	0.6469	36.6945	1.2271	13.3680
8.8904	0.6439	32.6111	1.2677	13.3404
8.9604	0.6396	36.5344	1.2443	13.1192
8.8259	0.6337	32.4104	1.2342	13.1297
8.8733	0.6378	32.8823	1.2625	12.9391
9.1439	0.6564	36.2990	1.2747	13.4380
9.0275	0.6435	36.5085	1.2500	13.1442
9.0031	0.6431	35.5128	1.2104	13.0180
8.8770	0.6445	33.7877	1.1975	13.2477
9.0204	0.6431	34.3908	1.2343	13.1865
9.0469	0.6555	34.6464	1.2444	13.6306
8.8504	0.6428	32.9950	1.2862	13.3093
9.0100	0.6357	34.0849	1.1996	13.2197
9.1368	0.6431	37.9284	1.2039	13.0810
9.1631	0.6522	37.9133	1.2553	13.5745
8.9140	0.6405	36.5229	1.2053	13.0444


