0 0 0 4.18
0 1 0 0.416
0 2 0 0.441
0 3 0 2.764
0 4 0 0.465
0 5 0 20.0
0 6 0 1.363
0 7 0 0.975
0 8 0 1.564
0 9 0 0.671
0 10 0 1.381
0 11 0 1.321
0 12 0 4.51
0 13 0 2.445
0 14 0 1.469
0 15 0 1.682
0 16 0 4.349
0 17 0 1.164
0 18 0 2.163
0 19 0 1.58
0 20 0 0.174
0 21 0 0.667
0 22 0 0.198
0 23 0 0.736
0 24 0 0.197
0 25 0 0.779
0 26 0 8.713
0 27 0 0.893
0 28 0 0.565
0 29 0 11.525
0 30 0 20.0
0 31 0 20.0
0 32 0 0.436
0 33 0 0.84
0 34 0 0.741
0 35 0 0.696
0 36 0 0.693
0 37 0 0.68
0 38 0 0.132
0 39 0 0.157
0 40 0 0.152
0 41 0 0.578
0 42 0 1.422
0 43 0 1.103
0 44 0 0.513
0 45 0 1.09
0 46 0 0.335
0 47 0 1.079
0 48 0 0.225
0 49 0 0.84
0 0 1 3.112
0 1 1 0.436
0 2 1 0.524
0 3 1 0.474
0 4 1 0.453
0 5 1 20.0
0 6 1 0.644
0 7 1 0.975
0 8 1 0.82
0 9 1 0.658
0 10 1 1.083
0 11 1 0.685
0 12 1 3.992
0 13 1 1.309
0 14 1 0.71
0 15 1 0.681
0 16 1 0.807
0 17 1 0.81
0 18 1 0.325
0 19 1 0.583
0 20 1 0.164
0 21 1 0.486
0 22 1 0.189
0 23 1 0.232
0 24 1 0.199
0 25 1 0.299
0 26 1 1.033
0 27 1 0.39
0 28 1 0.551
0 29 1 7.284
0 30 1 20.0
0 31 1 7.985
0 32 1 0.289
0 33 1 0.672
0 34 1 0.688
0 35 1 0.717
0 36 1 0.675
0 37 1 0.342
0 38 1 0.208
0 39 1 0.164
0 40 1 0.198
0 41 1 0.306
0 42 1 0.88
0 43 1 0.665
0 44 1 0.532
0 45 1 0.675
0 46 1 0.332
0 47 1 0.419
0 48 1 0.209
0 49 1 0.558
0 0 2 6.843
0 1 2 0.408
0 2 2 0.404
0 3 2 0.367
0 4 2 0.394
0 5 2 20.0
0 6 2 0.632
0 7 2 0.946
0 8 2 0.833
0 9 2 0.676
0 10 2 1.059
0 11 2 0.73
0 12 2 4.225
0 13 2 1.162
0 14 2 15.745
0 15 2 0.644
0 16 2 0.831
0 17 2 0.904
0 18 2 0.355
0 19 2 1.087
0 20 2 0.175
0 21 2 0.696
0 22 2 0.19
0 23 2 0.413
0 24 2 0.378
0 25 2 0.559
0 26 2 0.848
0 27 2 0.401
0 28 2 0.561
0 29 2 20.0
0 30 2 20.0
0 31 2 20.0
0 32 2 0.294
0 33 2 0.717
0 34 2 0.698
0 35 2 0.696
0 36 2 0.686
0 37 2 0.293
0 38 2 0.136
0 39 2 0.133
0 40 2 0.132
0 41 2 0.312
0 42 2 0.923
0 43 2 0.643
0 44 2 0.316
0 45 2 0.753
0 46 2 0.345
0 47 2 0.438
0 48 2 0.382
0 49 2 0.689
0 0 3 0.778
0 1 3 0.403
0 2 3 0.395
0 3 3 0.417
0 4 3 0.443
0 5 3 20.0
0 6 3 0.644
0 7 3 0.969
0 8 3 0.823
0 9 3 0.933
0 10 3 1.016
0 11 3 0.695
0 12 3 4.083
0 13 3 1.036
0 14 3 0.821
0 15 3 0.71
0 16 3 5.326
0 17 3 1.108
0 18 3 0.991
0 19 3 0.761
0 20 3 1.605
0 21 3 0.388
0 22 3 0.198
0 23 3 0.442
0 24 3 0.418
0 25 3 0.303
0 26 3 3.252
0 27 3 0.406
0 28 3 0.539
0 29 3 3.373
0 30 3 0.642
0 31 3 4.47
0 32 3 0.301
0 33 3 0.708
0 34 3 0.739
0 35 3 0.69
0 36 3 0.703
0 37 3 0.367
0 38 3 0.199
0 39 3 0.145
0 40 3 0.166
0 41 3 0.314
0 42 3 0.956
0 43 3 0.64
0 44 3 0.315
0 45 3 0.707
0 46 3 0.337
0 47 3 0.406
0 48 3 0.196
0 49 3 0.522
0 0 4 0.873
0 1 4 0.486
0 2 4 3.35
0 3 4 0.416
0 4 4 0.439
0 5 4 20.0
0 6 4 0.648
0 7 4 0.977
0 8 4 0.843
0 9 4 0.664
0 10 4 1.072
0 11 4 0.672
0 12 4 4.186
0 13 4 0.963
0 14 4 0.795
0 15 4 0.637
0 16 4 2.073
0 17 4 2.427
0 18 4 0.36
0 19 4 0.233
0 20 4 0.181
0 21 4 0.559
0 22 4 0.19
0 23 4 0.434
0 24 4 0.374
0 25 4 0.298
0 26 4 2.989
0 27 4 0.405
0 28 4 0.6
0 29 4 1.517
0 30 4 0.741
0 31 4 0.666
0 32 4 0.291
0 33 4 0.69
0 34 4 0.702
0 35 4 0.672
0 36 4 0.669
0 37 4 0.316
0 38 4 0.132
0 39 4 0.193
0 40 4 0.134
0 41 4 0.306
0 42 4 0.885
0 43 4 0.66
0 44 4 0.322
0 45 4 0.701
0 46 4 0.344
0 47 4 0.414
0 48 4 0.197
0 49 4 0.512
0 0 5 3.896
0 1 5 0.47
0 2 5 3.272
0 3 5 0.44
0 4 5 0.435
0 5 5 20.0
0 6 5 0.692
0 7 5 1.036
0 8 5 0.883
0 9 5 0.721
0 10 5 1.538
0 11 5 0.722
0 12 5 4.806
0 13 5 2.944
0 14 5 20.0
0 15 5 0.663
0 16 5 1.025
0 17 5 1.055
0 18 5 0.336
0 19 5 0.166
0 20 5 0.169
0 21 5 0.658
0 22 5 0.195
0 23 5 0.613
0 24 5 0.211
0 25 5 0.443
0 26 5 0.859
0 27 5 0.983
0 28 5 0.636
0 29 5 2.544
0 30 5 4.712
0 31 5 3.251
0 32 5 0.321
0 33 5 0.763
0 34 5 0.754
0 35 5 0.726
0 36 5 0.724
0 37 5 1.034
0 38 5 0.195
0 39 5 0.235
0 40 5 0.149
0 41 5 0.62
0 42 5 1.301
0 43 5 0.774
0 44 5 0.363
0 45 5 0.77
0 46 5 0.402
0 47 5 0.455
0 48 5 0.244
0 49 5 1.038
0 0 6 0.826
0 1 6 0.382
0 2 6 0.431
0 3 6 0.491
0 4 6 0.43
0 5 6 20.0
0 6 6 0.652
0 7 6 0.967
0 8 6 0.834
0 9 6 0.662
0 10 6 1.144
0 11 6 0.692
0 12 6 4.371
0 13 6 0.96
0 14 6 20.0
0 15 6 0.637
0 16 6 0.84
0 17 6 0.85
0 18 6 0.326
0 19 6 0.167
0 20 6 0.172
0 21 6 0.378
0 22 6 0.191
0 23 6 0.452
0 24 6 0.218
0 25 6 0.3
0 26 6 1.631
0 27 6 0.405
0 28 6 0.561
0 29 6 0.517
0 30 6 0.254
0 31 6 0.509
0 32 6 0.292
0 33 6 0.677
0 34 6 0.698
0 35 6 0.67
0 36 6 0.675
0 37 6 0.264
0 38 6 0.138
0 39 6 0.168
0 40 6 0.138
0 41 6 0.308
0 42 6 0.86
0 43 6 0.634
0 44 6 0.323
0 45 6 0.697
0 46 6 0.349
0 47 6 0.423
0 48 6 0.215
0 49 6 0.523
0 0 7 0.868
0 1 7 0.448
0 2 7 0.406
0 3 7 0.432
0 4 7 0.419
0 5 7 20.0
0 6 7 0.662
0 7 7 0.966
0 8 7 0.863
0 9 7 0.689
0 10 7 1.008
0 11 7 0.672
0 12 7 4.009
0 13 7 0.967
0 14 7 20.0
0 15 7 0.68
0 16 7 1.003
0 17 7 0.98
0 18 7 0.343
0 19 7 0.173
0 20 7 0.173
0 21 7 0.545
0 22 7 0.189
0 23 7 0.413
0 24 7 0.366
0 25 7 0.319
0 26 7 0.792
0 27 7 0.394
0 28 7 0.586
0 29 7 0.493
0 30 7 0.269
0 31 7 0.503
0 32 7 0.291
0 33 7 0.689
0 34 7 0.74
0 35 7 0.686
0 36 7 0.679
0 37 7 0.269
0 38 7 0.144
0 39 7 0.135
0 40 7 0.13
0 41 7 0.305
0 42 7 0.869
0 43 7 0.658
0 44 7 0.321
0 45 7 0.677
0 46 7 0.332
0 47 7 0.436
0 48 7 0.223
0 49 7 0.53
0 0 8 0.804
0 1 8 0.386
0 2 8 0.437
0 3 8 0.406
0 4 8 0.482
0 5 8 20.0
0 6 8 0.644
0 7 8 0.958
0 8 8 0.822
0 9 8 0.66
0 10 8 1.056
0 11 8 0.757
0 12 8 4.164
0 13 8 1.035
0 14 8 20.0
0 15 8 0.714
0 16 8 0.878
0 17 8 3.808
0 18 8 0.352
0 19 8 0.179
0 20 8 0.178
0 21 8 0.629
0 22 8 0.182
0 23 8 0.424
0 24 8 0.378
0 25 8 0.54
0 26 8 1.155
0 27 8 0.395
0 28 8 0.638
0 29 8 0.483
0 30 8 1.378
0 31 8 1.131
0 32 8 0.293
0 33 8 0.698
0 34 8 0.693
0 35 8 0.708
0 36 8 0.659
0 37 8 0.372
0 38 8 0.137
0 39 8 0.138
0 40 8 0.131
0 41 8 0.317
0 42 8 1.735
0 43 8 0.82
0 44 8 0.339
0 45 8 0.678
0 46 8 0.335
0 47 8 0.402
0 48 8 0.204
0 49 8 0.733
0 0 9 3.609
0 1 9 0.409
0 2 9 0.382
0 3 9 0.483
0 4 9 0.424
0 5 9 20.0
0 6 9 0.643
0 7 9 0.979
0 8 9 0.833
0 9 9 0.76
0 10 9 1.08
0 11 9 0.671
0 12 9 4.094
0 13 9 1.05
0 14 9 10.077
0 15 9 0.641
0 16 9 1.226
0 17 9 0.788
0 18 9 0.349
0 19 9 0.18
0 20 9 0.175
0 21 9 0.391
0 22 9 0.198
0 23 9 0.575
0 24 9 0.209
0 25 9 0.301
0 26 9 0.922
0 27 9 0.404
0 28 9 0.551
0 29 9 1.905
0 30 9 2.107
0 31 9 16.275
0 32 9 0.292
0 33 9 0.692
0 34 9 0.686
0 35 9 0.648
0 36 9 0.688
0 37 9 0.341
0 38 9 0.139
0 39 9 0.135
0 40 9 0.15
0 41 9 0.31
0 42 9 0.868
0 43 9 0.664
0 44 9 0.321
0 45 9 0.666
0 46 9 0.327
0 47 9 0.438
0 48 9 0.219
0 49 9 0.511
0 0 10 0.902
0 1 10 0.48
0 2 10 0.414
0 3 10 0.368
0 4 10 2.648
0 5 10 20.0
0 6 10 0.666
0 7 10 1.0
0 8 10 0.811
0 9 10 0.676
0 10 10 1.275
0 11 10 0.733
0 12 10 4.056
0 13 10 2.435
0 14 10 20.0
0 15 10 0.633
0 16 10 1.197
0 17 10 1.177
0 18 10 0.327
0 19 10 0.16
0 20 10 0.163
0 21 10 0.634
0 22 10 0.188
0 23 10 0.601
0 24 10 0.229
0 25 10 0.445
0 26 10 0.768
0 27 10 0.786
0 28 10 0.563
0 29 10 0.709
0 30 10 0.252
0 31 10 0.502
0 32 10 0.293
0 33 10 0.681
0 34 10 0.667
0 35 10 0.68
0 36 10 0.684
0 37 10 0.708
0 38 10 0.148
0 39 10 0.149
0 40 10 0.162
0 41 10 0.479
0 42 10 1.102
0 43 10 0.682
0 44 10 0.327
0 45 10 0.715
0 46 10 0.339
0 47 10 0.399
0 48 10 0.194
0 49 10 0.699
0 0 11 0.794
0 1 11 0.429
0 2 11 0.478
0 3 11 0.429
0 4 11 0.485
0 5 11 20.0
0 6 11 0.629
0 7 11 1.257
0 8 11 0.833
0 9 11 0.684
0 10 11 1.092
0 11 11 0.735
0 12 11 4.06
0 13 11 1.224
0 14 11 0.38
0 15 11 1.566
0 16 11 0.919
0 17 11 0.878
0 18 11 0.332
0 19 11 0.169
0 20 11 0.17
0 21 11 0.379
0 22 11 0.195
0 23 11 2.411
0 24 11 0.385
0 25 11 0.301
0 26 11 1.093
0 27 11 0.429
0 28 11 0.575
0 29 11 0.496
0 30 11 0.97
0 31 11 1.217
0 32 11 0.299
0 33 11 0.659
0 34 11 0.667
0 35 11 0.684
0 36 11 0.714
0 37 11 0.281
0 38 11 0.142
0 39 11 0.179
0 40 11 0.142
0 41 11 0.317
0 42 11 0.885
0 43 11 0.674
0 44 11 0.332
0 45 11 0.728
0 46 11 0.344
0 47 11 0.404
0 48 11 0.224
0 49 11 0.561
0 0 12 3.485
0 1 12 0.421
0 2 12 0.417
0 3 12 0.361
0 4 12 0.38
0 5 12 20.0
0 6 12 0.639
0 7 12 0.96
0 8 12 0.83
0 9 12 0.665
0 10 12 0.998
0 11 12 0.68
0 12 12 4.194
0 13 12 0.958
0 14 12 0.581
0 15 12 0.699
0 16 12 0.97
0 17 12 0.877
0 18 12 0.406
0 19 12 0.202
0 20 12 0.174
0 21 12 0.562
0 22 12 0.191
0 23 12 0.412
0 24 12 0.204
0 25 12 0.294
0 26 12 1.007
0 27 12 0.387
0 28 12 0.642
0 29 12 0.49
0 30 12 0.298
0 31 12 0.692
0 32 12 0.291
0 33 12 0.686
0 34 12 0.673
0 35 12 0.683
0 36 12 0.68
0 37 12 0.272
0 38 12 0.134
0 39 12 0.132
0 40 12 0.134
0 41 12 0.317
0 42 12 0.924
0 43 12 0.645
0 44 12 0.32
0 45 12 0.691
0 46 12 0.376
0 47 12 0.367
0 48 12 0.184
0 49 12 0.529
0 0 13 0.872
0 1 13 3.18
0 2 13 0.448
0 3 13 0.697
0 4 13 0.457
0 5 13 20.0
0 6 13 0.654
0 7 13 0.989
0 8 13 0.814
0 9 13 0.642
0 10 13 0.999
0 11 13 0.685
0 12 13 4.218
0 13 13 0.967
0 14 13 20.0
0 15 13 0.638
0 16 13 0.882
0 17 13 0.827
0 18 13 0.343
0 19 13 0.173
0 20 13 0.173
0 21 13 0.88
0 22 13 0.188
0 23 13 0.432
0 24 13 0.201
0 25 13 0.44
0 26 13 0.909
0 27 13 0.391
0 28 13 0.52
0 29 13 20.0
0 30 13 20.0
0 31 13 20.0
0 32 13 0.286
0 33 13 0.677
0 34 13 0.676
0 35 13 0.667
0 36 13 0.664
0 37 13 0.261
0 38 13 0.132
0 39 13 0.131
0 40 13 0.13
0 41 13 0.306
0 42 13 0.92
0 43 13 0.925
0 44 13 0.528
0 45 13 0.659
0 46 13 0.659
0 47 13 0.407
0 48 13 0.224
0 49 13 0.642
0 0 14 0.817
0 1 14 0.421
0 2 14 0.489
0 3 14 0.374
0 4 14 0.441
0 5 14 20.0
0 6 14 0.64
0 7 14 0.967
0 8 14 0.824
0 9 14 0.672
0 10 14 0.996
0 11 14 0.732
0 12 14 4.223
0 13 14 1.06
0 14 14 4.122
0 15 14 0.639
0 16 14 4.146
0 17 14 0.972
0 18 14 0.346
0 19 14 0.175
0 20 14 0.18
0 21 14 0.385
0 22 14 0.194
0 23 14 0.397
0 24 14 0.193
0 25 14 0.299
0 26 14 1.078
0 27 14 0.39
0 28 14 0.549
0 29 14 3.191
0 30 14 0.26
0 31 14 0.485
0 32 14 0.286
0 33 14 0.67
0 34 14 0.693
0 35 14 0.687
0 36 14 0.685
0 37 14 0.263
0 38 14 0.133
0 39 14 0.131
0 40 14 0.131
0 41 14 1.754
0 42 14 0.88
0 43 14 0.633
0 44 14 0.313
0 45 14 0.674
0 46 14 0.682
0 47 14 0.426
0 48 14 0.215
0 49 14 0.536
0 0 15 0.777
0 1 15 0.402
0 2 15 7.854
0 3 15 0.363
0 4 15 0.402
0 5 15 20.0
0 6 15 0.645
0 7 15 0.972
0 8 15 0.899
0 9 15 0.68
0 10 15 1.419
0 11 15 0.688
0 12 15 4.05
0 13 15 2.663
0 14 15 20.0
0 15 15 1.807
0 16 15 0.945
0 17 15 1.029
0 18 15 0.342
0 19 15 0.184
0 20 15 0.173
0 21 15 0.598
0 22 15 0.183
0 23 15 0.421
0 24 15 0.445
0 25 15 0.439
0 26 15 1.298
0 27 15 0.802
0 28 15 0.626
0 29 15 2.878
0 30 15 0.647
0 31 15 2.128
0 32 15 0.286
0 33 15 0.662
0 34 15 0.67
0 35 15 2.628
0 36 15 0.667
0 37 15 0.62
0 38 15 0.131
0 39 15 0.13
0 40 15 0.131
0 41 15 0.756
0 42 15 1.05
0 43 15 0.636
0 44 15 0.607
0 45 15 0.657
0 46 15 0.666
0 47 15 0.415
0 48 15 0.196
0 49 15 0.524
0 0 16 0.864
0 1 16 0.476
0 2 16 0.442
0 3 16 0.45
0 4 16 0.415
0 5 16 20.0
0 6 16 0.651
0 7 16 0.97
0 8 16 0.839
0 9 16 0.68
0 10 16 1.197
0 11 16 0.696
0 12 16 4.122
0 13 16 0.957
0 14 16 0.764
0 15 16 0.64
0 16 16 0.947
0 17 16 0.82
0 18 16 0.388
0 19 16 0.164
0 20 16 0.166
0 21 16 0.359
0 22 16 0.182
0 23 16 0.167
0 24 16 0.429
0 25 16 0.296
0 26 16 0.654
0 27 16 0.39
0 28 16 0.58
0 29 16 0.513
0 30 16 1.279
0 31 16 10.577
0 32 16 0.286
0 33 16 0.696
0 34 16 0.692
0 35 16 0.692
0 36 16 0.677
0 37 16 0.264
0 38 16 0.139
0 39 16 0.139
0 40 16 0.132
0 41 16 0.303
0 42 16 0.874
0 43 16 0.631
0 44 16 0.417
0 45 16 0.676
0 46 16 0.331
0 47 16 0.47
0 48 16 0.22
0 49 16 0.712
0 0 17 0.847
0 1 17 9.125
0 2 17 0.377
0 3 17 0.368
0 4 17 0.363
0 5 17 20.0
0 6 17 0.624
0 7 17 0.981
0 8 17 0.873
0 9 17 0.663
0 10 17 0.992
0 11 17 0.689
0 12 17 5.219
0 13 17 0.957
0 14 17 20.0
0 15 17 1.358
0 16 17 0.886
0 17 17 0.805
0 18 17 0.323
0 19 17 0.161
0 20 17 0.169
0 21 17 1.326
0 22 17 0.188
0 23 17 0.404
0 24 17 0.201
0 25 17 0.296
0 26 17 8.264
0 27 17 0.398
0 28 17 0.596
0 29 17 1.076
0 30 17 4.642
0 31 17 3.165
0 32 17 0.29
0 33 17 0.676
0 34 17 0.668
0 35 17 0.675
0 36 17 0.666
0 37 17 0.26
0 38 17 0.131
0 39 17 0.16
0 40 17 0.13
0 41 17 0.31
0 42 17 0.877
0 43 17 0.651
0 44 17 0.324
0 45 17 0.672
0 46 17 0.333
0 47 17 0.846
0 48 17 0.187
0 49 17 0.51
0 0 18 0.861
0 1 18 0.433
0 2 18 0.391
0 3 18 2.822
0 4 18 0.457
0 5 18 20.0
0 6 18 0.646
0 7 18 0.962
0 8 18 0.819
0 9 18 0.662
0 10 18 1.131
0 11 18 0.724
0 12 18 4.033
0 13 18 1.151
0 14 18 0.778
0 15 18 0.699
0 16 18 0.839
0 17 18 0.844
0 18 18 0.339
0 19 18 0.162
0 20 18 0.164
0 21 18 0.375
0 22 18 0.188
0 23 18 0.399
0 24 18 0.201
0 25 18 0.588
0 26 18 2.201
0 27 18 0.388
0 28 18 0.56
0 29 18 0.968
0 30 18 20.0
0 31 18 20.0
0 32 18 0.287
0 33 18 0.684
0 34 18 0.662
0 35 18 0.663
0 36 18 0.669
0 37 18 0.261
0 38 18 0.132
0 39 18 0.132
0 40 18 0.13
0 41 18 0.307
0 42 18 0.845
0 43 18 0.647
0 44 18 0.32
0 45 18 0.696
0 46 18 0.343
0 47 18 0.461
0 48 18 0.235
0 49 18 0.664
0 0 19 0.82
0 1 19 0.411
0 2 19 3.129
0 3 19 2.834
0 4 19 0.388
0 5 19 20.0
0 6 19 0.634
0 7 19 1.27
0 8 19 0.902
0 9 19 0.661
0 10 19 1.136
0 11 19 0.682
0 12 19 3.985
0 13 19 1.05
0 14 19 15.918
0 15 19 0.635
0 16 19 1.766
0 17 19 1.247
0 18 19 0.414
0 19 19 0.162
0 20 19 0.162
0 21 19 0.632
0 22 19 0.191
0 23 19 0.424
0 24 19 0.395
0 25 19 0.288
0 26 19 0.871
0 27 19 0.39
0 28 19 0.56
0 29 19 20.0
0 30 19 20.0
0 31 19 20.0
0 32 19 0.295
0 33 19 0.664
0 34 19 0.677
0 35 19 0.68
0 36 19 0.673
0 37 19 0.662
0 38 19 0.134
0 39 19 0.134
0 40 19 0.132
0 41 19 0.654
0 42 19 1.064
0 43 19 0.638
0 44 19 0.312
0 45 19 0.677
0 46 19 0.332
0 47 19 0.383
0 48 19 0.197
0 49 19 0.493
